{
"AN": {
"N": "Bamber Menu",
"SN": "BirdFlock",
"TL": {
"L": [
{
"LN": "Layer_1",
"FR": [
{
"I": 0,
"DU": 1,
"E": [
{
"SI": {
"SN": "_BITMAPS/Scenes/TitleScreen/Bird",
"IN": "",
"ST": "G",
"FF": 0,
"LP": "LP",
"TRP": {
"x": 10.35,
"y": 3.5500000000000004
},
"M3D": [
0.99664306640625,
0.0818634033203125,
0.0,
0.0,
-0.0818634033203125,
0.99664306640625,
0.0,
0.0,
0.0,
0.0,
1.0,
0.0,
258.45,
-34.7,
0.0,
1.0
]
}
},
{
"SI": {
"SN": "_BITMAPS/Scenes/TitleScreen/Bird",
"IN": "",
"ST": "G",
"FF": 2,
"LP": "LP",
"TRP": {
"x": 10.35,
"y": 3.5500000000000004
},
"M3D": [
0.99664306640625,
0.0818634033203125,
0.0,
0.0,
-0.0818634033203125,
0.99664306640625,
0.0,
0.0,
0.0,
0.0,
1.0,
0.0,
272.35,
-32.35,
0.0,
1.0
]
}
},
{
"SI": {
"SN": "_BITMAPS/Scenes/TitleScreen/Bird",
"IN": "",
"ST": "G",
"FF": 4,
"LP": "LP",
"TRP": {
"x": 10.35,
"y": 3.5
},
"M3D": [
0.99664306640625,
0.0818634033203125,
0.0,
0.0,
-0.0818634033203125,
0.99664306640625,
0.0,
0.0,
0.0,
0.0,
1.0,
0.0,
283.05,
-26.4,
0.0,
1.0
]
}
},
{
"SI": {
"SN": "_BITMAPS/Scenes/TitleScreen/Bird",
"IN": "",
"ST": "G",
"FF": 6,
"LP": "LP",
"TRP": {
"x": 10.35,
"y": 3.5
},
"M3D": [
0.99664306640625,
0.0818634033203125,
0.0,
0.0,
-0.0818634033203125,
0.99664306640625,
0.0,
0.0,
0.0,
0.0,
1.0,
0.0,
292.75,
-25.15,
0.0,
1.0
]
}
},
{
"SI": {
"SN": "_BITMAPS/Scenes/TitleScreen/Bird",
"IN": "",
"ST": "G",
"FF": 2,
"LP": "LP",
"TRP": {
"x": 10.3,
"y": 3.5
},
"M3D": [
0.99664306640625,
0.0818634033203125,
0.0,
0.0,
-0.0818634033203125,
0.99664306640625,
0.0,
0.0,
0.0,
0.0,
1.0,
0.0,
247.35,
-30.2,
0.0,
1.0
]
}
},
{
"SI": {
"SN": "_BITMAPS/Scenes/TitleScreen/Bird",
"IN": "",
"ST": "G",
"FF": 4,
"LP": "LP",
"TRP": {
"x": 10.4,
"y": 3.5500000000000004
},
"M3D": [
0.99664306640625,
0.0818634033203125,
0.0,
0.0,
-0.0818634033203125,
0.99664306640625,
0.0,
0.0,
0.0,
0.0,
1.0,
0.0,
238.65,
-24.3,
0.0,
1.0
]
}
},
{
"SI": {
"SN": "_BITMAPS/Scenes/TitleScreen/Bird",
"IN": "",
"ST": "G",
"FF": 6,
"LP": "LP",
"TRP": {
"x": 10.4,
"y": 3.5500000000000004
},
"M3D": [
0.99664306640625,
0.0818634033203125,
0.0,
0.0,
-0.0818634033203125,
0.99664306640625,
0.0,
0.0,
0.0,
0.0,
1.0,
0.0,
235.1,
-19.65,
0.0,
1.0
]
}
},
{
"SI": {
"SN": "_BITMAPS/Scenes/TitleScreen/Bird",
"IN": "",
"ST": "G",
"FF": 7,
"LP": "LP",
"TRP": {
"x": 10.3,
"y": 3.5
},
"M3D": [
0.9904022216796875,
0.138214111328125,
0.0,
0.0,
-0.138214111328125,
0.9904022216796875,
0.0,
0.0,
0.0,
0.0,
1.0,
0.0,
-346.85,
-21.8,
0.0,
1.0
]
}
},
{
"SI": {
"SN": "_BITMAPS/Scenes/TitleScreen/Bird",
"IN": "",
"ST": "G",
"FF": 11,
"LP": "LP",
"TRP": {
"x": 10.35,
"y": 3.5
},
"M3D": [
0.9904022216796875,
0.138214111328125,
0.0,
0.0,
-0.138214111328125,
0.9904022216796875,
0.0,
0.0,
0.0,
0.0,
1.0,
0.0,
-333.1,
-18.7,
0.0,
1.0
]
}
},
{
"SI": {
"SN": "_BITMAPS/Scenes/TitleScreen/Bird",
"IN": "",
"ST": "G",
"FF": 15,
"LP": "LP",
"TRP": {
"x": 10.35,
"y": 3.5
},
"M3D": [
0.9904022216796875,
0.138214111328125,
0.0,
0.0,
-0.138214111328125,
0.9904022216796875,
0.0,
0.0,
0.0,
0.0,
1.0,
0.0,
-322.75,
-7.75,
0.0,
1.0
]
}
},
{
"SI": {
"SN": "_BITMAPS/Scenes/TitleScreen/Bird",
"IN": "",
"ST": "G",
"FF": 19,
"LP": "LP",
"TRP": {
"x": 10.35,
"y": 3.5
},
"M3D": [
0.9904022216796875,
0.138214111328125,
0.0,
0.0,
-0.138214111328125,
0.9904022216796875,
0.0,
0.0,
0.0,
0.0,
1.0,
0.0,
-317.15,
1.45,
0.0,
1.0
]
}
},
{
"SI": {
"SN": "_BITMAPS/Scenes/TitleScreen/Bird",
"IN": "",
"ST": "G",
"FF": 11,
"LP": "LP",
"TRP": {
"x": 10.3,
"y": 3.5500000000000004
},
"M3D": [
0.9904022216796875,
0.138214111328125,
0.0,
0.0,
-0.138214111328125,
0.9904022216796875,
0.0,
0.0,
0.0,
0.0,
1.0,
0.0,
-363.35,
-14.6,
0.0,
1.0
]
}
},
{
"SI": {
"SN": "_BITMAPS/Scenes/TitleScreen/Bird",
"IN": "",
"ST": "G",
"FF": 15,
"LP": "LP",
"TRP": {
"x": 10.35,
"y": 3.5
},
"M3D": [
0.9904022216796875,
0.138214111328125,
0.0,
0.0,
-0.138214111328125,
0.9904022216796875,
0.0,
0.0,
0.0,
0.0,
1.0,
0.0,
-377.55,
-6.55,
0.0,
1.0
]
}
},
{
"SI": {
"SN": "_BITMAPS/Scenes/TitleScreen/Bird",
"IN": "",
"ST": "G",
"FF": 19,
"LP": "LP",
"TRP": {
"x": 10.4,
"y": 3.5500000000000004
},
"M3D": [
0.9904022216796875,
0.138214111328125,
0.0,
0.0,
-0.138214111328125,
0.9904022216796875,
0.0,
0.0,
0.0,
0.0,
1.0,
0.0,
-386.75,
2.55,
0.0,
1.0
]
}
},
{
"SI": {
"SN": "_BITMAPS/Scenes/TitleScreen/Bird",
"IN": "",
"ST": "G",
"FF": 4,
"LP": "LP",
"TRP": {
"x": 10.4,
"y": 3.5500000000000004
},
"M3D": [
0.941497802734375,
0.337005615234375,
0.0,
0.0,
-0.337005615234375,
0.941497802734375,
0.0,
0.0,
0.0,
0.0,
1.0,
0.0,
44.4,
-15.15,
0.0,
1.0
]
}
},
{
"SI": {
"SN": "_BITMAPS/Scenes/TitleScreen/Bird",
"IN": "",
"ST": "G",
"FF": 4,
"LP": "LP",
"TRP": {
"x": 10.4,
"y": 3.5500000000000004
},
"M3D": [
0.99664306640625,
0.0818634033203125,
0.0,
0.0,
-0.0818634033203125,
0.99664306640625,
0.0,
0.0,
0.0,
0.0,
1.0,
0.0,
92.05,
-33.75,
0.0,
1.0
]
}
},
{
"SI": {
"SN": "_BITMAPS/Scenes/TitleScreen/Bird",
"IN": "",
"ST": "G",
"FF": 15,
"LP": "LP",
"TRP": {
"x": 10.35,
"y": 3.5
},
"M3D": [
0.9904022216796875,
0.138214111328125,
0.0,
0.0,
-0.138214111328125,
0.9904022216796875,
0.0,
0.0,
0.0,
0.0,
1.0,
0.0,
-278.1,
-45.2,
0.0,
1.0
]
}
},
{
"SI": {
"SN": "_BITMAPS/Scenes/TitleScreen/Bird",
"IN": "",
"ST": "G",
"FF": 15,
"LP": "LP",
"TRP": {
"x": 10.3,
"y": 3.5
},
"M3D": [
0.788604736328125,
0.6148681640625,
0.0,
0.0,
-0.6148681640625,
0.788604736328125,
0.0,
0.0,
0.0,
0.0,
1.0,
0.0,
-523.7,
-42.2,
0.0,
1.0
]
}
},
{
"SI": {
"SN": "_BITMAPS/Scenes/TitleScreen/Bird",
"IN": "",
"ST": "G",
"FF": 3,
"LP": "LP",
"TRP": {
"x": 10.35,
"y": 3.5500000000000004
},
"M3D": [
0.99664306640625,
0.0818634033203125,
0.0,
0.0,
-0.0818634033203125,
0.99664306640625,
0.0,
0.0,
0.0,
0.0,
1.0,
0.0,
512.3,
-17.3,
0.0,
1.0
]
}
},
{
"SI": {
"SN": "_BITMAPS/Scenes/TitleScreen/Bird",
"IN": "",
"ST": "G",
"FF": 0,
"LP": "LP",
"TRP": {
"x": 10.35,
"y": 3.5500000000000004
},
"M3D": [
0.99664306640625,
0.0818634033203125,
0.0,
0.0,
-0.0818634033203125,
0.99664306640625,
0.0,
0.0,
0.0,
0.0,
1.0,
0.0,
526.2,
-14.95,
0.0,
1.0
]
}
},
{
"SI": {
"SN": "_BITMAPS/Scenes/TitleScreen/Bird",
"IN": "",
"ST": "G",
"FF": 7,
"LP": "LP",
"TRP": {
"x": 10.3,
"y": 3.5
},
"M3D": [
0.99664306640625,
0.0818634033203125,
0.0,
0.0,
-0.0818634033203125,
0.99664306640625,
0.0,
0.0,
0.0,
0.0,
1.0,
0.0,
501.2,
-12.8,
0.0,
1.0
]
}
},
{
"SI": {
"SN": "_BITMAPS/Scenes/TitleScreen/Bird",
"IN": "",
"ST": "G",
"FF": 14,
"LP": "LP",
"TRP": {
"x": 10.4,
"y": 3.5500000000000004
},
"M3D": [
0.99664306640625,
0.0818634033203125,
0.0,
0.0,
-0.0818634033203125,
0.99664306640625,
0.0,
0.0,
0.0,
0.0,
1.0,
0.0,
492.5,
-6.9,
0.0,
1.0
]
}
},
{
"SI": {
"SN": "_BITMAPS/Scenes/TitleScreen/Bird",
"IN": "",
"ST": "G",
"FF": 3,
"LP": "LP",
"TRP": {
"x": 10.4,
"y": 3.5500000000000004
},
"M3D": [
0.99664306640625,
0.0818634033203125,
0.0,
0.0,
-0.0818634033203125,
0.99664306640625,
0.0,
0.0,
0.0,
0.0,
1.0,
0.0,
488.95,
-2.25,
0.0,
1.0
]
}
},
{
"SI": {
"SN": "_BITMAPS/Scenes/TitleScreen/Bird",
"IN": "",
"ST": "G",
"FF": 2,
"LP": "LP",
"TRP": {
"x": 10.35,
"y": 3.5500000000000004
},
"M3D": [
0.99664306640625,
0.0818634033203125,
0.0,
0.0,
-0.0818634033203125,
0.99664306640625,
0.0,
0.0,
0.0,
0.0,
1.0,
0.0,
-190.9,
25.3,
0.0,
1.0
]
}
},
{
"SI": {
"SN": "_BITMAPS/Scenes/TitleScreen/Bird",
"IN": "",
"ST": "G",
"FF": 4,
"LP": "LP",
"TRP": {
"x": 10.35,
"y": 3.5
},
"M3D": [
0.99664306640625,
0.0818634033203125,
0.0,
0.0,
-0.0818634033203125,
0.99664306640625,
0.0,
0.0,
0.0,
0.0,
1.0,
0.0,
-180.2,
31.25,
0.0,
1.0
]
}
},
{
"SI": {
"SN": "_BITMAPS/Scenes/TitleScreen/Bird",
"IN": "",
"ST": "G",
"FF": 4,
"LP": "LP",
"TRP": {
"x": 10.4,
"y": 3.6
},
"M3D": [
0.9996185302734375,
-0.02703857421875,
0.0,
0.0,
0.02703857421875,
0.9996185302734375,
0.0,
0.0,
0.0,
0.0,
1.0,
0.0,
-45.05,
44.75,
0.0,
1.0
]
}
}
]
},
{
"I": 1,
"DU": 1,
"E": [
{
"SI": {
"SN": "_BITMAPS/Scenes/TitleScreen/Bird",
"IN": "",
"ST": "G",
"FF": 1,
"LP": "LP",
"TRP": {
"x": 10.35,
"y": 3.55
},
"M3D": [
0.99664306640625,
0.0818634033203125,
0.0,
0.0,
-0.0818634033203125,
0.99664306640625,
0.0,
0.0,
0.0,
0.0,
1.0,
0.0,
258.45,
-34.7,
0.0,
1.0
]
}
},
{
"SI": {
"SN": "_BITMAPS/Scenes/TitleScreen/Bird",
"IN": "",
"ST": "G",
"FF": 3,
"LP": "LP",
"TRP": {
"x": 10.35,
"y": 3.55
},
"M3D": [
0.99664306640625,
0.0818634033203125,
0.0,
0.0,
-0.0818634033203125,
0.99664306640625,
0.0,
0.0,
0.0,
0.0,
1.0,
0.0,
272.35,
-32.35,
0.0,
1.0
]
}
},
{
"SI": {
"SN": "_BITMAPS/Scenes/TitleScreen/Bird",
"IN": "",
"ST": "G",
"FF": 5,
"LP": "LP",
"TRP": {
"x": 10.35,
"y": 3.5
},
"M3D": [
0.99664306640625,
0.0818634033203125,
0.0,
0.0,
-0.0818634033203125,
0.99664306640625,
0.0,
0.0,
0.0,
0.0,
1.0,
0.0,
283.05,
-26.4,
0.0,
1.0
]
}
},
{
"SI": {
"SN": "_BITMAPS/Scenes/TitleScreen/Bird",
"IN": "",
"ST": "G",
"FF": 7,
"LP": "LP",
"TRP": {
"x": 10.35,
"y": 3.5
},
"M3D": [
0.99664306640625,
0.0818634033203125,
0.0,
0.0,
-0.0818634033203125,
0.99664306640625,
0.0,
0.0,
0.0,
0.0,
1.0,
0.0,
292.75,
-25.15,
0.0,
1.0
]
}
},
{
"SI": {
"SN": "_BITMAPS/Scenes/TitleScreen/Bird",
"IN": "",
"ST": "G",
"FF": 3,
"LP": "LP",
"TRP": {
"x": 10.3,
"y": 3.5
},
"M3D": [
0.99664306640625,
0.0818634033203125,
0.0,
0.0,
-0.0818634033203125,
0.99664306640625,
0.0,
0.0,
0.0,
0.0,
1.0,
0.0,
247.35,
-30.2,
0.0,
1.0
]
}
},
{
"SI": {
"SN": "_BITMAPS/Scenes/TitleScreen/Bird",
"IN": "",
"ST": "G",
"FF": 5,
"LP": "LP",
"TRP": {
"x": 10.4,
"y": 3.55
},
"M3D": [
0.99664306640625,
0.0818634033203125,
0.0,
0.0,
-0.0818634033203125,
0.99664306640625,
0.0,
0.0,
0.0,
0.0,
1.0,
0.0,
238.65,
-24.3,
0.0,
1.0
]
}
},
{
"SI": {
"SN": "_BITMAPS/Scenes/TitleScreen/Bird",
"IN": "",
"ST": "G",
"FF": 7,
"LP": "LP",
"TRP": {
"x": 10.4,
"y": 3.55
},
"M3D": [
0.99664306640625,
0.0818634033203125,
0.0,
0.0,
-0.0818634033203125,
0.99664306640625,
0.0,
0.0,
0.0,
0.0,
1.0,
0.0,
235.1,
-19.65,
0.0,
1.0
]
}
},
{
"SI": {
"SN": "_BITMAPS/Scenes/TitleScreen/Bird",
"IN": "",
"ST": "G",
"FF": 8,
"LP": "LP",
"TRP": {
"x": 10.3,
"y": 3.5
},
"M3D": [
0.9904022216796875,
0.138214111328125,
0.0,
0.0,
-0.138214111328125,
0.9904022216796875,
0.0,
0.0,
0.0,
0.0,
1.0,
0.0,
-346.85,
-21.8,
0.0,
1.0
]
}
},
{
"SI": {
"SN": "_BITMAPS/Scenes/TitleScreen/Bird",
"IN": "",
"ST": "G",
"FF": 12,
"LP": "LP",
"TRP": {
"x": 10.35,
"y": 3.5
},
"M3D": [
0.9904022216796875,
0.138214111328125,
0.0,
0.0,
-0.138214111328125,
0.9904022216796875,
0.0,
0.0,
0.0,
0.0,
1.0,
0.0,
-333.1,
-18.7,
0.0,
1.0
]
}
},
{
"SI": {
"SN": "_BITMAPS/Scenes/TitleScreen/Bird",
"IN": "",
"ST": "G",
"FF": 16,
"LP": "LP",
"TRP": {
"x": 10.35,
"y": 3.5
},
"M3D": [
0.9904022216796875,
0.138214111328125,
0.0,
0.0,
-0.138214111328125,
0.9904022216796875,
0.0,
0.0,
0.0,
0.0,
1.0,
0.0,
-322.75,
-7.75,
0.0,
1.0
]
}
},
{
"SI": {
"SN": "_BITMAPS/Scenes/TitleScreen/Bird",
"IN": "",
"ST": "G",
"FF": 20,
"LP": "LP",
"TRP": {
"x": 10.35,
"y": 3.5
},
"M3D": [
0.9904022216796875,
0.138214111328125,
0.0,
0.0,
-0.138214111328125,
0.9904022216796875,
0.0,
0.0,
0.0,
0.0,
1.0,
0.0,
-317.15,
1.45,
0.0,
1.0
]
}
},
{
"SI": {
"SN": "_BITMAPS/Scenes/TitleScreen/Bird",
"IN": "",
"ST": "G",
"FF": 12,
"LP": "LP",
"TRP": {
"x": 10.3,
"y": 3.55
},
"M3D": [
0.9904022216796875,
0.138214111328125,
0.0,
0.0,
-0.138214111328125,
0.9904022216796875,
0.0,
0.0,
0.0,
0.0,
1.0,
0.0,
-363.35,
-14.6,
0.0,
1.0
]
}
},
{
"SI": {
"SN": "_BITMAPS/Scenes/TitleScreen/Bird",
"IN": "",
"ST": "G",
"FF": 16,
"LP": "LP",
"TRP": {
"x": 10.35,
"y": 3.5
},
"M3D": [
0.9904022216796875,
0.138214111328125,
0.0,
0.0,
-0.138214111328125,
0.9904022216796875,
0.0,
0.0,
0.0,
0.0,
1.0,
0.0,
-377.55,
-6.55,
0.0,
1.0
]
}
},
{
"SI": {
"SN": "_BITMAPS/Scenes/TitleScreen/Bird",
"IN": "",
"ST": "G",
"FF": 20,
"LP": "LP",
"TRP": {
"x": 10.4,
"y": 3.55
},
"M3D": [
0.9904022216796875,
0.138214111328125,
0.0,
0.0,
-0.138214111328125,
0.9904022216796875,
0.0,
0.0,
0.0,
0.0,
1.0,
0.0,
-386.75,
2.55,
0.0,
1.0
]
}
},
{
"SI": {
"SN": "_BITMAPS/Scenes/TitleScreen/Bird",
"IN": "",
"ST": "G",
"FF": 5,
"LP": "LP",
"TRP": {
"x": 10.4,
"y": 3.55
},
"M3D": [
0.941497802734375,
0.337005615234375,
0.0,
0.0,
-0.337005615234375,
0.941497802734375,
0.0,
0.0,
0.0,
0.0,
1.0,
0.0,
44.4,
-15.15,
0.0,
1.0
]
}
},
{
"SI": {
"SN": "_BITMAPS/Scenes/TitleScreen/Bird",
"IN": "",
"ST": "G",
"FF": 5,
"LP": "LP",
"TRP": {
"x": 10.4,
"y": 3.55
},
"M3D": [
0.99664306640625,
0.0818634033203125,
0.0,
0.0,
-0.0818634033203125,
0.99664306640625,
0.0,
0.0,
0.0,
0.0,
1.0,
0.0,
92.05,
-33.75,
0.0,
1.0
]
}
},
{
"SI": {
"SN": "_BITMAPS/Scenes/TitleScreen/Bird",
"IN": "",
"ST": "G",
"FF": 16,
"LP": "LP",
"TRP": {
"x": 10.35,
"y": 3.5
},
"M3D": [
0.9904022216796875,
0.138214111328125,
0.0,
0.0,
-0.138214111328125,
0.9904022216796875,
0.0,
0.0,
0.0,
0.0,
1.0,
0.0,
-278.1,
-45.2,
0.0,
1.0
]
}
},
{
"SI": {
"SN": "_BITMAPS/Scenes/TitleScreen/Bird",
"IN": "",
"ST": "G",
"FF": 16,
"LP": "LP",
"TRP": {
"x": 10.3,
"y": 3.5
},
"M3D": [
0.788604736328125,
0.6148681640625,
0.0,
0.0,
-0.6148681640625,
0.788604736328125,
0.0,
0.0,
0.0,
0.0,
1.0,
0.0,
-523.7,
-42.2,
0.0,
1.0
]
}
},
{
"SI": {
"SN": "_BITMAPS/Scenes/TitleScreen/Bird",
"IN": "",
"ST": "G",
"FF": 4,
"LP": "LP",
"TRP": {
"x": 10.35,
"y": 3.55
},
"M3D": [
0.99664306640625,
0.0818634033203125,
0.0,
0.0,
-0.0818634033203125,
0.99664306640625,
0.0,
0.0,
0.0,
0.0,
1.0,
0.0,
512.3,
-17.3,
0.0,
1.0
]
}
},
{
"SI": {
"SN": "_BITMAPS/Scenes/TitleScreen/Bird",
"IN": "",
"ST": "G",
"FF": 1,
"LP": "LP",
"TRP": {
"x": 10.35,
"y": 3.55
},
"M3D": [
0.99664306640625,
0.0818634033203125,
0.0,
0.0,
-0.0818634033203125,
0.99664306640625,
0.0,
0.0,
0.0,
0.0,
1.0,
0.0,
526.2,
-14.95,
0.0,
1.0
]
}
},
{
"SI": {
"SN": "_BITMAPS/Scenes/TitleScreen/Bird",
"IN": "",
"ST": "G",
"FF": 8,
"LP": "LP",
"TRP": {
"x": 10.3,
"y": 3.5
},
"M3D": [
0.99664306640625,
0.0818634033203125,
0.0,
0.0,
-0.0818634033203125,
0.99664306640625,
0.0,
0.0,
0.0,
0.0,
1.0,
0.0,
501.2,
-12.8,
0.0,
1.0
]
}
},
{
"SI": {
"SN": "_BITMAPS/Scenes/TitleScreen/Bird",
"IN": "",
"ST": "G",
"FF": 15,
"LP": "LP",
"TRP": {
"x": 10.4,
"y": 3.55
},
"M3D": [
0.99664306640625,
0.0818634033203125,
0.0,
0.0,
-0.0818634033203125,
0.99664306640625,
0.0,
0.0,
0.0,
0.0,
1.0,
0.0,
492.5,
-6.9,
0.0,
1.0
]
}
},
{
"SI": {
"SN": "_BITMAPS/Scenes/TitleScreen/Bird",
"IN": "",
"ST": "G",
"FF": 4,
"LP": "LP",
"TRP": {
"x": 10.4,
"y": 3.55
},
"M3D": [
0.99664306640625,
0.0818634033203125,
0.0,
0.0,
-0.0818634033203125,
0.99664306640625,
0.0,
0.0,
0.0,
0.0,
1.0,
0.0,
488.95,
-2.25,
0.0,
1.0
]
}
},
{
"SI": {
"SN": "_BITMAPS/Scenes/TitleScreen/Bird",
"IN": "",
"ST": "G",
"FF": 3,
"LP": "LP",
"TRP": {
"x": 10.35,
"y": 3.55
},
"M3D": [
0.99664306640625,
0.0818634033203125,
0.0,
0.0,
-0.0818634033203125,
0.99664306640625,
0.0,
0.0,
0.0,
0.0,
1.0,
0.0,
-190.9,
25.3,
0.0,
1.0
]
}
},
{
"SI": {
"SN": "_BITMAPS/Scenes/TitleScreen/Bird",
"IN": "",
"ST": "G",
"FF": 5,
"LP": "LP",
"TRP": {
"x": 10.35,
"y": 3.5
},
"M3D": [
0.99664306640625,
0.0818634033203125,
0.0,
0.0,
-0.0818634033203125,
0.99664306640625,
0.0,
0.0,
0.0,
0.0,
1.0,
0.0,
-180.2,
31.25,
0.0,
1.0
]
}
},
{
"SI": {
"SN": "_BITMAPS/Scenes/TitleScreen/Bird",
"IN": "",
"ST": "G",
"FF": 5,
"LP": "LP",
"TRP": {
"x": 10.4,
"y": 3.6
},
"M3D": [
0.9996185302734375,
-0.02703857421875,
0.0,
0.0,
0.02703857421875,
0.9996185302734375,
0.0,
0.0,
0.0,
0.0,
1.0,
0.0,
-45.05,
44.75,
0.0,
1.0
]
}
}
]
},
{
"I": 2,
"DU": 1,
"E": [
{
"SI": {
"SN": "_BITMAPS/Scenes/TitleScreen/Bird",
"IN": "",
"ST": "G",
"FF": 2,
"LP": "LP",
"TRP": {
"x": 10.35,
"y": 3.55
},
"M3D": [
0.99664306640625,
0.0818634033203125,
0.0,
0.0,
-0.0818634033203125,
0.99664306640625,
0.0,
0.0,
0.0,
0.0,
1.0,
0.0,
258.45,
-34.7,
0.0,
1.0
]
}
},
{
"SI": {
"SN": "_BITMAPS/Scenes/TitleScreen/Bird",
"IN": "",
"ST": "G",
"FF": 4,
"LP": "LP",
"TRP": {
"x": 10.35,
"y": 3.55
},
"M3D": [
0.99664306640625,
0.0818634033203125,
0.0,
0.0,
-0.0818634033203125,
0.99664306640625,
0.0,
0.0,
0.0,
0.0,
1.0,
0.0,
272.35,
-32.35,
0.0,
1.0
]
}
},
{
"SI": {
"SN": "_BITMAPS/Scenes/TitleScreen/Bird",
"IN": "",
"ST": "G",
"FF": 6,
"LP": "LP",
"TRP": {
"x": 10.35,
"y": 3.5
},
"M3D": [
0.99664306640625,
0.0818634033203125,
0.0,
0.0,
-0.0818634033203125,
0.99664306640625,
0.0,
0.0,
0.0,
0.0,
1.0,
0.0,
283.05,
-26.4,
0.0,
1.0
]
}
},
{
"SI": {
"SN": "_BITMAPS/Scenes/TitleScreen/Bird",
"IN": "",
"ST": "G",
"FF": 8,
"LP": "LP",
"TRP": {
"x": 10.35,
"y": 3.5
},
"M3D": [
0.99664306640625,
0.0818634033203125,
0.0,
0.0,
-0.0818634033203125,
0.99664306640625,
0.0,
0.0,
0.0,
0.0,
1.0,
0.0,
292.75,
-25.15,
0.0,
1.0
]
}
},
{
"SI": {
"SN": "_BITMAPS/Scenes/TitleScreen/Bird",
"IN": "",
"ST": "G",
"FF": 4,
"LP": "LP",
"TRP": {
"x": 10.3,
"y": 3.5
},
"M3D": [
0.99664306640625,
0.0818634033203125,
0.0,
0.0,
-0.0818634033203125,
0.99664306640625,
0.0,
0.0,
0.0,
0.0,
1.0,
0.0,
247.35,
-30.2,
0.0,
1.0
]
}
},
{
"SI": {
"SN": "_BITMAPS/Scenes/TitleScreen/Bird",
"IN": "",
"ST": "G",
"FF": 6,
"LP": "LP",
"TRP": {
"x": 10.4,
"y": 3.55
},
"M3D": [
0.99664306640625,
0.0818634033203125,
0.0,
0.0,
-0.0818634033203125,
0.99664306640625,
0.0,
0.0,
0.0,
0.0,
1.0,
0.0,
238.65,
-24.3,
0.0,
1.0
]
}
},
{
"SI": {
"SN": "_BITMAPS/Scenes/TitleScreen/Bird",
"IN": "",
"ST": "G",
"FF": 8,
"LP": "LP",
"TRP": {
"x": 10.4,
"y": 3.55
},
"M3D": [
0.99664306640625,
0.0818634033203125,
0.0,
0.0,
-0.0818634033203125,
0.99664306640625,
0.0,
0.0,
0.0,
0.0,
1.0,
0.0,
235.1,
-19.65,
0.0,
1.0
]
}
},
{
"SI": {
"SN": "_BITMAPS/Scenes/TitleScreen/Bird",
"IN": "",
"ST": "G",
"FF": 9,
"LP": "LP",
"TRP": {
"x": 10.3,
"y": 3.5
},
"M3D": [
0.9904022216796875,
0.138214111328125,
0.0,
0.0,
-0.138214111328125,
0.9904022216796875,
0.0,
0.0,
0.0,
0.0,
1.0,
0.0,
-346.85,
-21.8,
0.0,
1.0
]
}
},
{
"SI": {
"SN": "_BITMAPS/Scenes/TitleScreen/Bird",
"IN": "",
"ST": "G",
"FF": 13,
"LP": "LP",
"TRP": {
"x": 10.35,
"y": 3.5
},
"M3D": [
0.9904022216796875,
0.138214111328125,
0.0,
0.0,
-0.138214111328125,
0.9904022216796875,
0.0,
0.0,
0.0,
0.0,
1.0,
0.0,
-333.1,
-18.7,
0.0,
1.0
]
}
},
{
"SI": {
"SN": "_BITMAPS/Scenes/TitleScreen/Bird",
"IN": "",
"ST": "G",
"FF": 17,
"LP": "LP",
"TRP": {
"x": 10.35,
"y": 3.5
},
"M3D": [
0.9904022216796875,
0.138214111328125,
0.0,
0.0,
-0.138214111328125,
0.9904022216796875,
0.0,
0.0,
0.0,
0.0,
1.0,
0.0,
-322.75,
-7.75,
0.0,
1.0
]
}
},
{
"SI": {
"SN": "_BITMAPS/Scenes/TitleScreen/Bird",
"IN": "",
"ST": "G",
"FF": 21,
"LP": "LP",
"TRP": {
"x": 10.35,
"y": 3.5
},
"M3D": [
0.9904022216796875,
0.138214111328125,
0.0,
0.0,
-0.138214111328125,
0.9904022216796875,
0.0,
0.0,
0.0,
0.0,
1.0,
0.0,
-317.15,
1.45,
0.0,
1.0
]
}
},
{
"SI": {
"SN": "_BITMAPS/Scenes/TitleScreen/Bird",
"IN": "",
"ST": "G",
"FF": 13,
"LP": "LP",
"TRP": {
"x": 10.3,
"y": 3.55
},
"M3D": [
0.9904022216796875,
0.138214111328125,
0.0,
0.0,
-0.138214111328125,
0.9904022216796875,
0.0,
0.0,
0.0,
0.0,
1.0,
0.0,
-363.35,
-14.6,
0.0,
1.0
]
}
},
{
"SI": {
"SN": "_BITMAPS/Scenes/TitleScreen/Bird",
"IN": "",
"ST": "G",
"FF": 17,
"LP": "LP",
"TRP": {
"x": 10.35,
"y": 3.5
},
"M3D": [
0.9904022216796875,
0.138214111328125,
0.0,
0.0,
-0.138214111328125,
0.9904022216796875,
0.0,
0.0,
0.0,
0.0,
1.0,
0.0,
-377.55,
-6.55,
0.0,
1.0
]
}
},
{
"SI": {
"SN": "_BITMAPS/Scenes/TitleScreen/Bird",
"IN": "",
"ST": "G",
"FF": 21,
"LP": "LP",
"TRP": {
"x": 10.4,
"y": 3.55
},
"M3D": [
0.9904022216796875,
0.138214111328125,
0.0,
0.0,
-0.138214111328125,
0.9904022216796875,
0.0,
0.0,
0.0,
0.0,
1.0,
0.0,
-386.75,
2.55,
0.0,
1.0
]
}
},
{
"SI": {
"SN": "_BITMAPS/Scenes/TitleScreen/Bird",
"IN": "",
"ST": "G",
"FF": 6,
"LP": "LP",
"TRP": {
"x": 10.4,
"y": 3.55
},
"M3D": [
0.941497802734375,
0.337005615234375,
0.0,
0.0,
-0.337005615234375,
0.941497802734375,
0.0,
0.0,
0.0,
0.0,
1.0,
0.0,
44.4,
-15.15,
0.0,
1.0
]
}
},
{
"SI": {
"SN": "_BITMAPS/Scenes/TitleScreen/Bird",
"IN": "",
"ST": "G",
"FF": 6,
"LP": "LP",
"TRP": {
"x": 10.4,
"y": 3.55
},
"M3D": [
0.99664306640625,
0.0818634033203125,
0.0,
0.0,
-0.0818634033203125,
0.99664306640625,
0.0,
0.0,
0.0,
0.0,
1.0,
0.0,
92.05,
-33.75,
0.0,
1.0
]
}
},
{
"SI": {
"SN": "_BITMAPS/Scenes/TitleScreen/Bird",
"IN": "",
"ST": "G",
"FF": 17,
"LP": "LP",
"TRP": {
"x": 10.35,
"y": 3.5
},
"M3D": [
0.9904022216796875,
0.138214111328125,
0.0,
0.0,
-0.138214111328125,
0.9904022216796875,
0.0,
0.0,
0.0,
0.0,
1.0,
0.0,
-278.1,
-45.2,
0.0,
1.0
]
}
},
{
"SI": {
"SN": "_BITMAPS/Scenes/TitleScreen/Bird",
"IN": "",
"ST": "G",
"FF": 17,
"LP": "LP",
"TRP": {
"x": 10.3,
"y": 3.5
},
"M3D": [
0.788604736328125,
0.6148681640625,
0.0,
0.0,
-0.6148681640625,
0.788604736328125,
0.0,
0.0,
0.0,
0.0,
1.0,
0.0,
-523.7,
-42.2,
0.0,
1.0
]
}
},
{
"SI": {
"SN": "_BITMAPS/Scenes/TitleScreen/Bird",
"IN": "",
"ST": "G",
"FF": 5,
"LP": "LP",
"TRP": {
"x": 10.35,
"y": 3.55
},
"M3D": [
0.99664306640625,
0.0818634033203125,
0.0,
0.0,
-0.0818634033203125,
0.99664306640625,
0.0,
0.0,
0.0,
0.0,
1.0,
0.0,
512.3,
-17.3,
0.0,
1.0
]
}
},
{
"SI": {
"SN": "_BITMAPS/Scenes/TitleScreen/Bird",
"IN": "",
"ST": "G",
"FF": 2,
"LP": "LP",
"TRP": {
"x": 10.35,
"y": 3.55
},
"M3D": [
0.99664306640625,
0.0818634033203125,
0.0,
0.0,
-0.0818634033203125,
0.99664306640625,
0.0,
0.0,
0.0,
0.0,
1.0,
0.0,
526.2,
-14.95,
0.0,
1.0
]
}
},
{
"SI": {
"SN": "_BITMAPS/Scenes/TitleScreen/Bird",
"IN": "",
"ST": "G",
"FF": 9,
"LP": "LP",
"TRP": {
"x": 10.3,
"y": 3.5
},
"M3D": [
0.99664306640625,
0.0818634033203125,
0.0,
0.0,
-0.0818634033203125,
0.99664306640625,
0.0,
0.0,
0.0,
0.0,
1.0,
0.0,
501.2,
-12.8,
0.0,
1.0
]
}
},
{
"SI": {
"SN": "_BITMAPS/Scenes/TitleScreen/Bird",
"IN": "",
"ST": "G",
"FF": 16,
"LP": "LP",
"TRP": {
"x": 10.4,
"y": 3.55
},
"M3D": [
0.99664306640625,
0.0818634033203125,
0.0,
0.0,
-0.0818634033203125,
0.99664306640625,
0.0,
0.0,
0.0,
0.0,
1.0,
0.0,
492.5,
-6.9,
0.0,
1.0
]
}
},
{
"SI": {
"SN": "_BITMAPS/Scenes/TitleScreen/Bird",
"IN": "",
"ST": "G",
"FF": 5,
"LP": "LP",
"TRP": {
"x": 10.4,
"y": 3.55
},
"M3D": [
0.99664306640625,
0.0818634033203125,
0.0,
0.0,
-0.0818634033203125,
0.99664306640625,
0.0,
0.0,
0.0,
0.0,
1.0,
0.0,
488.95,
-2.25,
0.0,
1.0
]
}
},
{
"SI": {
"SN": "_BITMAPS/Scenes/TitleScreen/Bird",
"IN": "",
"ST": "G",
"FF": 4,
"LP": "LP",
"TRP": {
"x": 10.35,
"y": 3.55
},
"M3D": [
0.99664306640625,
0.0818634033203125,
0.0,
0.0,
-0.0818634033203125,
0.99664306640625,
0.0,
0.0,
0.0,
0.0,
1.0,
0.0,
-190.9,
25.3,
0.0,
1.0
]
}
},
{
"SI": {
"SN": "_BITMAPS/Scenes/TitleScreen/Bird",
"IN": "",
"ST": "G",
"FF": 6,
"LP": "LP",
"TRP": {
"x": 10.35,
"y": 3.5
},
"M3D": [
0.99664306640625,
0.0818634033203125,
0.0,
0.0,
-0.0818634033203125,
0.99664306640625,
0.0,
0.0,
0.0,
0.0,
1.0,
0.0,
-180.2,
31.25,
0.0,
1.0
]
}
},
{
"SI": {
"SN": "_BITMAPS/Scenes/TitleScreen/Bird",
"IN": "",
"ST": "G",
"FF": 6,
"LP": "LP",
"TRP": {
"x": 10.4,
"y": 3.6
},
"M3D": [
0.9996185302734375,
-0.02703857421875,
0.0,
0.0,
0.02703857421875,
0.9996185302734375,
0.0,
0.0,
0.0,
0.0,
1.0,
0.0,
-45.05,
44.75,
0.0,
1.0
]
}
}
]
},
{
"I": 3,
"DU": 1,
"E": [
{
"SI": {
"SN": "_BITMAPS/Scenes/TitleScreen/Bird",
"IN": "",
"ST": "G",
"FF": 3,
"LP": "LP",
"TRP": {
"x": 10.35,
"y": 3.55
},
"M3D": [
0.99664306640625,
0.0818634033203125,
0.0,
0.0,
-0.0818634033203125,
0.99664306640625,
0.0,
0.0,
0.0,
0.0,
1.0,
0.0,
258.45,
-34.7,
0.0,
1.0
]
}
},
{
"SI": {
"SN": "_BITMAPS/Scenes/TitleScreen/Bird",
"IN": "",
"ST": "G",
"FF": 5,
"LP": "LP",
"TRP": {
"x": 10.35,
"y": 3.55
},
"M3D": [
0.99664306640625,
0.0818634033203125,
0.0,
0.0,
-0.0818634033203125,
0.99664306640625,
0.0,
0.0,
0.0,
0.0,
1.0,
0.0,
272.35,
-32.35,
0.0,
1.0
]
}
},
{
"SI": {
"SN": "_BITMAPS/Scenes/TitleScreen/Bird",
"IN": "",
"ST": "G",
"FF": 7,
"LP": "LP",
"TRP": {
"x": 10.35,
"y": 3.5
},
"M3D": [
0.99664306640625,
0.0818634033203125,
0.0,
0.0,
-0.0818634033203125,
0.99664306640625,
0.0,
0.0,
0.0,
0.0,
1.0,
0.0,
283.05,
-26.4,
0.0,
1.0
]
}
},
{
"SI": {
"SN": "_BITMAPS/Scenes/TitleScreen/Bird",
"IN": "",
"ST": "G",
"FF": 9,
"LP": "LP",
"TRP": {
"x": 10.35,
"y": 3.5
},
"M3D": [
0.99664306640625,
0.0818634033203125,
0.0,
0.0,
-0.0818634033203125,
0.99664306640625,
0.0,
0.0,
0.0,
0.0,
1.0,
0.0,
292.75,
-25.15,
0.0,
1.0
]
}
},
{
"SI": {
"SN": "_BITMAPS/Scenes/TitleScreen/Bird",
"IN": "",
"ST": "G",
"FF": 5,
"LP": "LP",
"TRP": {
"x": 10.3,
"y": 3.5
},
"M3D": [
0.99664306640625,
0.0818634033203125,
0.0,
0.0,
-0.0818634033203125,
0.99664306640625,
0.0,
0.0,
0.0,
0.0,
1.0,
0.0,
247.35,
-30.2,
0.0,
1.0
]
}
},
{
"SI": {
"SN": "_BITMAPS/Scenes/TitleScreen/Bird",
"IN": "",
"ST": "G",
"FF": 7,
"LP": "LP",
"TRP": {
"x": 10.4,
"y": 3.55
},
"M3D": [
0.99664306640625,
0.0818634033203125,
0.0,
0.0,
-0.0818634033203125,
0.99664306640625,
0.0,
0.0,
0.0,
0.0,
1.0,
0.0,
238.65,
-24.3,
0.0,
1.0
]
}
},
{
"SI": {
"SN": "_BITMAPS/Scenes/TitleScreen/Bird",
"IN": "",
"ST": "G",
"FF": 9,
"LP": "LP",
"TRP": {
"x": 10.4,
"y": 3.55
},
"M3D": [
0.99664306640625,
0.0818634033203125,
0.0,
0.0,
-0.0818634033203125,
0.99664306640625,
0.0,
0.0,
0.0,
0.0,
1.0,
0.0,
235.1,
-19.65,
0.0,
1.0
]
}
},
{
"SI": {
"SN": "_BITMAPS/Scenes/TitleScreen/Bird",
"IN": "",
"ST": "G",
"FF": 10,
"LP": "LP",
"TRP": {
"x": 10.3,
"y": 3.5
},
"M3D": [
0.9904022216796875,
0.138214111328125,
0.0,
0.0,
-0.138214111328125,
0.9904022216796875,
0.0,
0.0,
0.0,
0.0,
1.0,
0.0,
-346.85,
-21.8,
0.0,
1.0
]
}
},
{
"SI": {
"SN": "_BITMAPS/Scenes/TitleScreen/Bird",
"IN": "",
"ST": "G",
"FF": 14,
"LP": "LP",
"TRP": {
"x": 10.35,
"y": 3.5
},
"M3D": [
0.9904022216796875,
0.138214111328125,
0.0,
0.0,
-0.138214111328125,
0.9904022216796875,
0.0,
0.0,
0.0,
0.0,
1.0,
0.0,
-333.1,
-18.7,
0.0,
1.0
]
}
},
{
"SI": {
"SN": "_BITMAPS/Scenes/TitleScreen/Bird",
"IN": "",
"ST": "G",
"FF": 18,
"LP": "LP",
"TRP": {
"x": 10.35,
"y": 3.5
},
"M3D": [
0.9904022216796875,
0.138214111328125,
0.0,
0.0,
-0.138214111328125,
0.9904022216796875,
0.0,
0.0,
0.0,
0.0,
1.0,
0.0,
-322.75,
-7.75,
0.0,
1.0
]
}
},
{
"SI": {
"SN": "_BITMAPS/Scenes/TitleScreen/Bird",
"IN": "",
"ST": "G",
"FF": 0,
"LP": "LP",
"TRP": {
"x": 10.35,
"y": 3.5
},
"M3D": [
0.9904022216796875,
0.138214111328125,
0.0,
0.0,
-0.138214111328125,
0.9904022216796875,
0.0,
0.0,
0.0,
0.0,
1.0,
0.0,
-317.15,
1.45,
0.0,
1.0
]
}
},
{
"SI": {
"SN": "_BITMAPS/Scenes/TitleScreen/Bird",
"IN": "",
"ST": "G",
"FF": 14,
"LP": "LP",
"TRP": {
"x": 10.3,
"y": 3.55
},
"M3D": [
0.9904022216796875,
0.138214111328125,
0.0,
0.0,
-0.138214111328125,
0.9904022216796875,
0.0,
0.0,
0.0,
0.0,
1.0,
0.0,
-363.35,
-14.6,
0.0,
1.0
]
}
},
{
"SI": {
"SN": "_BITMAPS/Scenes/TitleScreen/Bird",
"IN": "",
"ST": "G",
"FF": 18,
"LP": "LP",
"TRP": {
"x": 10.35,
"y": 3.5
},
"M3D": [
0.9904022216796875,
0.138214111328125,
0.0,
0.0,
-0.138214111328125,
0.9904022216796875,
0.0,
0.0,
0.0,
0.0,
1.0,
0.0,
-377.55,
-6.55,
0.0,
1.0
]
}
},
{
"SI": {
"SN": "_BITMAPS/Scenes/TitleScreen/Bird",
"IN": "",
"ST": "G",
"FF": 0,
"LP": "LP",
"TRP": {
"x": 10.4,
"y": 3.55
},
"M3D": [
0.9904022216796875,
0.138214111328125,
0.0,
0.0,
-0.138214111328125,
0.9904022216796875,
0.0,
0.0,
0.0,
0.0,
1.0,
0.0,
-386.75,
2.55,
0.0,
1.0
]
}
},
{
"SI": {
"SN": "_BITMAPS/Scenes/TitleScreen/Bird",
"IN": "",
"ST": "G",
"FF": 7,
"LP": "LP",
"TRP": {
"x": 10.4,
"y": 3.55
},
"M3D": [
0.941497802734375,
0.337005615234375,
0.0,
0.0,
-0.337005615234375,
0.941497802734375,
0.0,
0.0,
0.0,
0.0,
1.0,
0.0,
44.4,
-15.15,
0.0,
1.0
]
}
},
{
"SI": {
"SN": "_BITMAPS/Scenes/TitleScreen/Bird",
"IN": "",
"ST": "G",
"FF": 7,
"LP": "LP",
"TRP": {
"x": 10.4,
"y": 3.55
},
"M3D": [
0.99664306640625,
0.0818634033203125,
0.0,
0.0,
-0.0818634033203125,
0.99664306640625,
0.0,
0.0,
0.0,
0.0,
1.0,
0.0,
92.05,
-33.75,
0.0,
1.0
]
}
},
{
"SI": {
"SN": "_BITMAPS/Scenes/TitleScreen/Bird",
"IN": "",
"ST": "G",
"FF": 18,
"LP": "LP",
"TRP": {
"x": 10.35,
"y": 3.5
},
"M3D": [
0.9904022216796875,
0.138214111328125,
0.0,
0.0,
-0.138214111328125,
0.9904022216796875,
0.0,
0.0,
0.0,
0.0,
1.0,
0.0,
-278.1,
-45.2,
0.0,
1.0
]
}
},
{
"SI": {
"SN": "_BITMAPS/Scenes/TitleScreen/Bird",
"IN": "",
"ST": "G",
"FF": 18,
"LP": "LP",
"TRP": {
"x": 10.3,
"y": 3.5
},
"M3D": [
0.788604736328125,
0.6148681640625,
0.0,
0.0,
-0.6148681640625,
0.788604736328125,
0.0,
0.0,
0.0,
0.0,
1.0,
0.0,
-523.7,
-42.2,
0.0,
1.0
]
}
},
{
"SI": {
"SN": "_BITMAPS/Scenes/TitleScreen/Bird",
"IN": "",
"ST": "G",
"FF": 6,
"LP": "LP",
"TRP": {
"x": 10.35,
"y": 3.55
},
"M3D": [
0.99664306640625,
0.0818634033203125,
0.0,
0.0,
-0.0818634033203125,
0.99664306640625,
0.0,
0.0,
0.0,
0.0,
1.0,
0.0,
512.3,
-17.3,
0.0,
1.0
]
}
},
{
"SI": {
"SN": "_BITMAPS/Scenes/TitleScreen/Bird",
"IN": "",
"ST": "G",
"FF": 3,
"LP": "LP",
"TRP": {
"x": 10.35,
"y": 3.55
},
"M3D": [
0.99664306640625,
0.0818634033203125,
0.0,
0.0,
-0.0818634033203125,
0.99664306640625,
0.0,
0.0,
0.0,
0.0,
1.0,
0.0,
526.2,
-14.95,
0.0,
1.0
]
}
},
{
"SI": {
"SN": "_BITMAPS/Scenes/TitleScreen/Bird",
"IN": "",
"ST": "G",
"FF": 10,
"LP": "LP",
"TRP": {
"x": 10.3,
"y": 3.5
},
"M3D": [
0.99664306640625,
0.0818634033203125,
0.0,
0.0,
-0.0818634033203125,
0.99664306640625,
0.0,
0.0,
0.0,
0.0,
1.0,
0.0,
501.2,
-12.8,
0.0,
1.0
]
}
},
{
"SI": {
"SN": "_BITMAPS/Scenes/TitleScreen/Bird",
"IN": "",
"ST": "G",
"FF": 17,
"LP": "LP",
"TRP": {
"x": 10.4,
"y": 3.55
},
"M3D": [
0.99664306640625,
0.0818634033203125,
0.0,
0.0,
-0.0818634033203125,
0.99664306640625,
0.0,
0.0,
0.0,
0.0,
1.0,
0.0,
492.5,
-6.9,
0.0,
1.0
]
}
},
{
"SI": {
"SN": "_BITMAPS/Scenes/TitleScreen/Bird",
"IN": "",
"ST": "G",
"FF": 6,
"LP": "LP",
"TRP": {
"x": 10.4,
"y": 3.55
},
"M3D": [
0.99664306640625,
0.0818634033203125,
0.0,
0.0,
-0.0818634033203125,
0.99664306640625,
0.0,
0.0,
0.0,
0.0,
1.0,
0.0,
488.95,
-2.25,
0.0,
1.0
]
}
},
{
"SI": {
"SN": "_BITMAPS/Scenes/TitleScreen/Bird",
"IN": "",
"ST": "G",
"FF": 5,
"LP": "LP",
"TRP": {
"x": 10.35,
"y": 3.55
},
"M3D": [
0.99664306640625,
0.0818634033203125,
0.0,
0.0,
-0.0818634033203125,
0.99664306640625,
0.0,
0.0,
0.0,
0.0,
1.0,
0.0,
-190.9,
25.3,
0.0,
1.0
]
}
},
{
"SI": {
"SN": "_BITMAPS/Scenes/TitleScreen/Bird",
"IN": "",
"ST": "G",
"FF": 7,
"LP": "LP",
"TRP": {
"x": 10.35,
"y": 3.5
},
"M3D": [
0.99664306640625,
0.0818634033203125,
0.0,
0.0,
-0.0818634033203125,
0.99664306640625,
0.0,
0.0,
0.0,
0.0,
1.0,
0.0,
-180.2,
31.25,
0.0,
1.0
]
}
},
{
"SI": {
"SN": "_BITMAPS/Scenes/TitleScreen/Bird",
"IN": "",
"ST": "G",
"FF": 7,
"LP": "LP",
"TRP": {
"x": 10.4,
"y": 3.6
},
"M3D": [
0.9996185302734375,
-0.02703857421875,
0.0,
0.0,
0.02703857421875,
0.9996185302734375,
0.0,
0.0,
0.0,
0.0,
1.0,
0.0,
-45.05,
44.75,
0.0,
1.0
]
}
}
]
},
{
"I": 4,
"DU": 1,
"E": [
{
"SI": {
"SN": "_BITMAPS/Scenes/TitleScreen/Bird",
"IN": "",
"ST": "G",
"FF": 4,
"LP": "LP",
"TRP": {
"x": 10.35,
"y": 3.55
},
"M3D": [
0.99664306640625,
0.0818634033203125,
0.0,
0.0,
-0.0818634033203125,
0.99664306640625,
0.0,
0.0,
0.0,
0.0,
1.0,
0.0,
258.45,
-34.7,
0.0,
1.0
]
}
},
{
"SI": {
"SN": "_BITMAPS/Scenes/TitleScreen/Bird",
"IN": "",
"ST": "G",
"FF": 6,
"LP": "LP",
"TRP": {
"x": 10.35,
"y": 3.55
},
"M3D": [
0.99664306640625,
0.0818634033203125,
0.0,
0.0,
-0.0818634033203125,
0.99664306640625,
0.0,
0.0,
0.0,
0.0,
1.0,
0.0,
272.35,
-32.35,
0.0,
1.0
]
}
},
{
"SI": {
"SN": "_BITMAPS/Scenes/TitleScreen/Bird",
"IN": "",
"ST": "G",
"FF": 8,
"LP": "LP",
"TRP": {
"x": 10.35,
"y": 3.5
},
"M3D": [
0.99664306640625,
0.0818634033203125,
0.0,
0.0,
-0.0818634033203125,
0.99664306640625,
0.0,
0.0,
0.0,
0.0,
1.0,
0.0,
283.05,
-26.4,
0.0,
1.0
]
}
},
{
"SI": {
"SN": "_BITMAPS/Scenes/TitleScreen/Bird",
"IN": "",
"ST": "G",
"FF": 10,
"LP": "LP",
"TRP": {
"x": 10.35,
"y": 3.5
},
"M3D": [
0.99664306640625,
0.0818634033203125,
0.0,
0.0,
-0.0818634033203125,
0.99664306640625,
0.0,
0.0,
0.0,
0.0,
1.0,
0.0,
292.75,
-25.15,
0.0,
1.0
]
}
},
{
"SI": {
"SN": "_BITMAPS/Scenes/TitleScreen/Bird",
"IN": "",
"ST": "G",
"FF": 6,
"LP": "LP",
"TRP": {
"x": 10.3,
"y": 3.5
},
"M3D": [
0.99664306640625,
0.0818634033203125,
0.0,
0.0,
-0.0818634033203125,
0.99664306640625,
0.0,
0.0,
0.0,
0.0,
1.0,
0.0,
247.35,
-30.2,
0.0,
1.0
]
}
},
{
"SI": {
"SN": "_BITMAPS/Scenes/TitleScreen/Bird",
"IN": "",
"ST": "G",
"FF": 8,
"LP": "LP",
"TRP": {
"x": 10.4,
"y": 3.55
},
"M3D": [
0.99664306640625,
0.0818634033203125,
0.0,
0.0,
-0.0818634033203125,
0.99664306640625,
0.0,
0.0,
0.0,
0.0,
1.0,
0.0,
238.65,
-24.3,
0.0,
1.0
]
}
},
{
"SI": {
"SN": "_BITMAPS/Scenes/TitleScreen/Bird",
"IN": "",
"ST": "G",
"FF": 10,
"LP": "LP",
"TRP": {
"x": 10.4,
"y": 3.55
},
"M3D": [
0.99664306640625,
0.0818634033203125,
0.0,
0.0,
-0.0818634033203125,
0.99664306640625,
0.0,
0.0,
0.0,
0.0,
1.0,
0.0,
235.1,
-19.65,
0.0,
1.0
]
}
},
{
"SI": {
"SN": "_BITMAPS/Scenes/TitleScreen/Bird",
"IN": "",
"ST": "G",
"FF": 11,
"LP": "LP",
"TRP": {
"x": 10.3,
"y": 3.5
},
"M3D": [
0.9904022216796875,
0.138214111328125,
0.0,
0.0,
-0.138214111328125,
0.9904022216796875,
0.0,
0.0,
0.0,
0.0,
1.0,
0.0,
-346.85,
-21.8,
0.0,
1.0
]
}
},
{
"SI": {
"SN": "_BITMAPS/Scenes/TitleScreen/Bird",
"IN": "",
"ST": "G",
"FF": 15,
"LP": "LP",
"TRP": {
"x": 10.35,
"y": 3.5
},
"M3D": [
0.9904022216796875,
0.138214111328125,
0.0,
0.0,
-0.138214111328125,
0.9904022216796875,
0.0,
0.0,
0.0,
0.0,
1.0,
0.0,
-333.1,
-18.7,
0.0,
1.0
]
}
},
{
"SI": {
"SN": "_BITMAPS/Scenes/TitleScreen/Bird",
"IN": "",
"ST": "G",
"FF": 19,
"LP": "LP",
"TRP": {
"x": 10.35,
"y": 3.5
},
"M3D": [
0.9904022216796875,
0.138214111328125,
0.0,
0.0,
-0.138214111328125,
0.9904022216796875,
0.0,
0.0,
0.0,
0.0,
1.0,
0.0,
-322.75,
-7.75,
0.0,
1.0
]
}
},
{
"SI": {
"SN": "_BITMAPS/Scenes/TitleScreen/Bird",
"IN": "",
"ST": "G",
"FF": 1,
"LP": "LP",
"TRP": {
"x": 10.35,
"y": 3.5
},
"M3D": [
0.9904022216796875,
0.138214111328125,
0.0,
0.0,
-0.138214111328125,
0.9904022216796875,
0.0,
0.0,
0.0,
0.0,
1.0,
0.0,
-317.15,
1.45,
0.0,
1.0
]
}
},
{
"SI": {
"SN": "_BITMAPS/Scenes/TitleScreen/Bird",
"IN": "",
"ST": "G",
"FF": 15,
"LP": "LP",
"TRP": {
"x": 10.3,
"y": 3.55
},
"M3D": [
0.9904022216796875,
0.138214111328125,
0.0,
0.0,
-0.138214111328125,
0.9904022216796875,
0.0,
0.0,
0.0,
0.0,
1.0,
0.0,
-363.35,
-14.6,
0.0,
1.0
]
}
},
{
"SI": {
"SN": "_BITMAPS/Scenes/TitleScreen/Bird",
"IN": "",
"ST": "G",
"FF": 19,
"LP": "LP",
"TRP": {
"x": 10.35,
"y": 3.5
},
"M3D": [
0.9904022216796875,
0.138214111328125,
0.0,
0.0,
-0.138214111328125,
0.9904022216796875,
0.0,
0.0,
0.0,
0.0,
1.0,
0.0,
-377.55,
-6.55,
0.0,
1.0
]
}
},
{
"SI": {
"SN": "_BITMAPS/Scenes/TitleScreen/Bird",
"IN": "",
"ST": "G",
"FF": 1,
"LP": "LP",
"TRP": {
"x": 10.4,
"y": 3.55
},
"M3D": [
0.9904022216796875,
0.138214111328125,
0.0,
0.0,
-0.138214111328125,
0.9904022216796875,
0.0,
0.0,
0.0,
0.0,
1.0,
0.0,
-386.75,
2.55,
0.0,
1.0
]
}
},
{
"SI": {
"SN": "_BITMAPS/Scenes/TitleScreen/Bird",
"IN": "",
"ST": "G",
"FF": 8,
"LP": "LP",
"TRP": {
"x": 10.4,
"y": 3.55
},
"M3D": [
0.941497802734375,
0.337005615234375,
0.0,
0.0,
-0.337005615234375,
0.941497802734375,
0.0,
0.0,
0.0,
0.0,
1.0,
0.0,
44.4,
-15.15,
0.0,
1.0
]
}
},
{
"SI": {
"SN": "_BITMAPS/Scenes/TitleScreen/Bird",
"IN": "",
"ST": "G",
"FF": 8,
"LP": "LP",
"TRP": {
"x": 10.4,
"y": 3.55
},
"M3D": [
0.99664306640625,
0.0818634033203125,
0.0,
0.0,
-0.0818634033203125,
0.99664306640625,
0.0,
0.0,
0.0,
0.0,
1.0,
0.0,
92.05,
-33.75,
0.0,
1.0
]
}
},
{
"SI": {
"SN": "_BITMAPS/Scenes/TitleScreen/Bird",
"IN": "",
"ST": "G",
"FF": 19,
"LP": "LP",
"TRP": {
"x": 10.35,
"y": 3.5
},
"M3D": [
0.9904022216796875,
0.138214111328125,
0.0,
0.0,
-0.138214111328125,
0.9904022216796875,
0.0,
0.0,
0.0,
0.0,
1.0,
0.0,
-278.1,
-45.2,
0.0,
1.0
]
}
},
{
"SI": {
"SN": "_BITMAPS/Scenes/TitleScreen/Bird",
"IN": "",
"ST": "G",
"FF": 19,
"LP": "LP",
"TRP": {
"x": 10.3,
"y": 3.5
},
"M3D": [
0.788604736328125,
0.6148681640625,
0.0,
0.0,
-0.6148681640625,
0.788604736328125,
0.0,
0.0,
0.0,
0.0,
1.0,
0.0,
-523.7,
-42.2,
0.0,
1.0
]
}
},
{
"SI": {
"SN": "_BITMAPS/Scenes/TitleScreen/Bird",
"IN": "",
"ST": "G",
"FF": 7,
"LP": "LP",
"TRP": {
"x": 10.35,
"y": 3.55
},
"M3D": [
0.99664306640625,
0.0818634033203125,
0.0,
0.0,
-0.0818634033203125,
0.99664306640625,
0.0,
0.0,
0.0,
0.0,
1.0,
0.0,
512.3,
-17.3,
0.0,
1.0
]
}
},
{
"SI": {
"SN": "_BITMAPS/Scenes/TitleScreen/Bird",
"IN": "",
"ST": "G",
"FF": 4,
"LP": "LP",
"TRP": {
"x": 10.35,
"y": 3.55
},
"M3D": [
0.99664306640625,
0.0818634033203125,
0.0,
0.0,
-0.0818634033203125,
0.99664306640625,
0.0,
0.0,
0.0,
0.0,
1.0,
0.0,
526.2,
-14.95,
0.0,
1.0
]
}
},
{
"SI": {
"SN": "_BITMAPS/Scenes/TitleScreen/Bird",
"IN": "",
"ST": "G",
"FF": 11,
"LP": "LP",
"TRP": {
"x": 10.3,
"y": 3.5
},
"M3D": [
0.99664306640625,
0.0818634033203125,
0.0,
0.0,
-0.0818634033203125,
0.99664306640625,
0.0,
0.0,
0.0,
0.0,
1.0,
0.0,
501.2,
-12.8,
0.0,
1.0
]
}
},
{
"SI": {
"SN": "_BITMAPS/Scenes/TitleScreen/Bird",
"IN": "",
"ST": "G",
"FF": 18,
"LP": "LP",
"TRP": {
"x": 10.4,
"y": 3.55
},
"M3D": [
0.99664306640625,
0.0818634033203125,
0.0,
0.0,
-0.0818634033203125,
0.99664306640625,
0.0,
0.0,
0.0,
0.0,
1.0,
0.0,
492.5,
-6.9,
0.0,
1.0
]
}
},
{
"SI": {
"SN": "_BITMAPS/Scenes/TitleScreen/Bird",
"IN": "",
"ST": "G",
"FF": 7,
"LP": "LP",
"TRP": {
"x": 10.4,
"y": 3.55
},
"M3D": [
0.99664306640625,
0.0818634033203125,
0.0,
0.0,
-0.0818634033203125,
0.99664306640625,
0.0,
0.0,
0.0,
0.0,
1.0,
0.0,
488.95,
-2.25,
0.0,
1.0
]
}
},
{
"SI": {
"SN": "_BITMAPS/Scenes/TitleScreen/Bird",
"IN": "",
"ST": "G",
"FF": 6,
"LP": "LP",
"TRP": {
"x": 10.35,
"y": 3.55
},
"M3D": [
0.99664306640625,
0.0818634033203125,
0.0,
0.0,
-0.0818634033203125,
0.99664306640625,
0.0,
0.0,
0.0,
0.0,
1.0,
0.0,
-190.9,
25.3,
0.0,
1.0
]
}
},
{
"SI": {
"SN": "_BITMAPS/Scenes/TitleScreen/Bird",
"IN": "",
"ST": "G",
"FF": 8,
"LP": "LP",
"TRP": {
"x": 10.35,
"y": 3.5
},
"M3D": [
0.99664306640625,
0.0818634033203125,
0.0,
0.0,
-0.0818634033203125,
0.99664306640625,
0.0,
0.0,
0.0,
0.0,
1.0,
0.0,
-180.2,
31.25,
0.0,
1.0
]
}
},
{
"SI": {
"SN": "_BITMAPS/Scenes/TitleScreen/Bird",
"IN": "",
"ST": "G",
"FF": 8,
"LP": "LP",
"TRP": {
"x": 10.4,
"y": 3.6
},
"M3D": [
0.9996185302734375,
-0.02703857421875,
0.0,
0.0,
0.02703857421875,
0.9996185302734375,
0.0,
0.0,
0.0,
0.0,
1.0,
0.0,
-45.05,
44.75,
0.0,
1.0
]
}
}
]
},
{
"I": 5,
"DU": 1,
"E": [
{
"SI": {
"SN": "_BITMAPS/Scenes/TitleScreen/Bird",
"IN": "",
"ST": "G",
"FF": 5,
"LP": "LP",
"TRP": {
"x": 10.35,
"y": 3.55
},
"M3D": [
0.99664306640625,
0.0818634033203125,
0.0,
0.0,
-0.0818634033203125,
0.99664306640625,
0.0,
0.0,
0.0,
0.0,
1.0,
0.0,
258.45,
-34.7,
0.0,
1.0
]
}
},
{
"SI": {
"SN": "_BITMAPS/Scenes/TitleScreen/Bird",
"IN": "",
"ST": "G",
"FF": 7,
"LP": "LP",
"TRP": {
"x": 10.35,
"y": 3.55
},
"M3D": [
0.99664306640625,
0.0818634033203125,
0.0,
0.0,
-0.0818634033203125,
0.99664306640625,
0.0,
0.0,
0.0,
0.0,
1.0,
0.0,
272.35,
-32.35,
0.0,
1.0
]
}
},
{
"SI": {
"SN": "_BITMAPS/Scenes/TitleScreen/Bird",
"IN": "",
"ST": "G",
"FF": 9,
"LP": "LP",
"TRP": {
"x": 10.35,
"y": 3.5
},
"M3D": [
0.99664306640625,
0.0818634033203125,
0.0,
0.0,
-0.0818634033203125,
0.99664306640625,
0.0,
0.0,
0.0,
0.0,
1.0,
0.0,
283.05,
-26.4,
0.0,
1.0
]
}
},
{
"SI": {
"SN": "_BITMAPS/Scenes/TitleScreen/Bird",
"IN": "",
"ST": "G",
"FF": 11,
"LP": "LP",
"TRP": {
"x": 10.35,
"y": 3.5
},
"M3D": [
0.99664306640625,
0.0818634033203125,
0.0,
0.0,
-0.0818634033203125,
0.99664306640625,
0.0,
0.0,
0.0,
0.0,
1.0,
0.0,
292.75,
-25.15,
0.0,
1.0
]
}
},
{
"SI": {
"SN": "_BITMAPS/Scenes/TitleScreen/Bird",
"IN": "",
"ST": "G",
"FF": 7,
"LP": "LP",
"TRP": {
"x": 10.3,
"y": 3.5
},
"M3D": [
0.99664306640625,
0.0818634033203125,
0.0,
0.0,
-0.0818634033203125,
0.99664306640625,
0.0,
0.0,
0.0,
0.0,
1.0,
0.0,
247.35,
-30.2,
0.0,
1.0
]
}
},
{
"SI": {
"SN": "_BITMAPS/Scenes/TitleScreen/Bird",
"IN": "",
"ST": "G",
"FF": 9,
"LP": "LP",
"TRP": {
"x": 10.4,
"y": 3.55
},
"M3D": [
0.99664306640625,
0.0818634033203125,
0.0,
0.0,
-0.0818634033203125,
0.99664306640625,
0.0,
0.0,
0.0,
0.0,
1.0,
0.0,
238.65,
-24.3,
0.0,
1.0
]
}
},
{
"SI": {
"SN": "_BITMAPS/Scenes/TitleScreen/Bird",
"IN": "",
"ST": "G",
"FF": 11,
"LP": "LP",
"TRP": {
"x": 10.4,
"y": 3.55
},
"M3D": [
0.99664306640625,
0.0818634033203125,
0.0,
0.0,
-0.0818634033203125,
0.99664306640625,
0.0,
0.0,
0.0,
0.0,
1.0,
0.0,
235.1,
-19.65,
0.0,
1.0
]
}
},
{
"SI": {
"SN": "_BITMAPS/Scenes/TitleScreen/Bird",
"IN": "",
"ST": "G",
"FF": 12,
"LP": "LP",
"TRP": {
"x": 10.3,
"y": 3.5
},
"M3D": [
0.9904022216796875,
0.138214111328125,
0.0,
0.0,
-0.138214111328125,
0.9904022216796875,
0.0,
0.0,
0.0,
0.0,
1.0,
0.0,
-346.85,
-21.8,
0.0,
1.0
]
}
},
{
"SI": {
"SN": "_BITMAPS/Scenes/TitleScreen/Bird",
"IN": "",
"ST": "G",
"FF": 16,
"LP": "LP",
"TRP": {
"x": 10.35,
"y": 3.5
},
"M3D": [
0.9904022216796875,
0.138214111328125,
0.0,
0.0,
-0.138214111328125,
0.9904022216796875,
0.0,
0.0,
0.0,
