{"AN":{"N":"Generations - B E V E R L Y","SN":"jokeroExporto","TL":{"L":[{"LN":"Layer_1","FR":[{"I":0,"DU":1,"E":[{"SI":{"SN":"Joker/Phase 2/Anims/Up","IN":"","ST":"MC","TRP":{"x":212.10000000000003,"y":296.35},"M3D":[1.0,0.0,0.0,0.0,0.0,1.0,0.0,0.0,0.0,0.0,1.0,0.0,1117.25,1006.6,0.0,1.0]}},{"SI":{"SN":"Joker/Phase 2/Anims/Right","IN":"","ST":"MC","TRP":{"x":212.10000000000003,"y":296.35},"M3D":[1.0,0.0,0.0,0.0,0.0,1.0,0.0,0.0,0.0,0.0,1.0,0.0,1526.05,1004.35,0.0,1.0]}},{"SI":{"SN":"Joker/Phase 2/Anims/Down","IN":"","ST":"MC","TRP":{"x":212.10000000000003,"y":296.35},"M3D":[1.0,0.0,0.0,0.0,0.0,1.0,0.0,0.0,0.0,0.0,1.0,0.0,673.2,1007.25,0.0,1.0]}},{"SI":{"SN":"Joker/Phase 2/Anims/Left","IN":"","ST":"MC","TRP":{"x":212.10000000000003,"y":296.35},"M3D":[1.0,0.0,0.0,0.0,0.0,1.0,0.0,0.0,0.0,0.0,1.0,0.0,277.7,1007.45,0.0,1.0]}},{"SI":{"SN":"Joker/Phase 2/Anims/Why...? What cult is this...?","IN":"","ST":"MC","TRP":{"x":165.75,"y":255.5},"M3D":[1.0,0.0,0.0,0.0,0.0,1.0,0.0,0.0,0.0,0.0,1.0,0.0,1687.65,498.85,0.0,1.0]}},{"SI":{"SN":"Joker/Phase 2/Anims/Idle","IN":"","ST":"MC","TRP":{"x":-4.0,"y":-63.900000000000009},"M3D":[1.0,0.0,0.0,0.0,0.0,1.0,0.0,0.0,0.0,0.0,1.0,0.0,212.4,481.05,0.0,1.0]}}]}]}]}},"SD":{"S":[{"SN":"Joker/Phase 2/Anims/Up","TL":{"L":[{"LN":"Layer_2","FR":[{"I":0,"DU":1,"E":[{"SI":{"SN":"Joker/Phase 2/Parts/Head","IN":"","ST":"G","FF":3,"LP":"SF","TRP":{"x":182.45000000000003,"y":291.85},"M3D":[0.9954681396484375,-0.0950927734375,0.0,0.0,0.0950927734375,0.9954681396484375,0.0,0.0,0.0,0.0,1.0,0.0,-197.95,-525.3,0.0,1.0]}}]},{"I":1,"DU":1,"E":[{"SI":{"SN":"Joker/Phase 2/Parts/Head","IN":"","ST":"G","FF":3,"LP":"SF","TRP":{"x":182.45,"y":291.85},"M3D":[0.9954681396484375,-0.0950927734375,0.0,0.0,0.0950927734375,0.9954681396484375,0.0,0.0,0.0,0.0,1.0,0.0,-197.95,-525.3,0.0,1.0]}}]},{"I":2,"DU":1,"E":[{"SI":{"SN":"Joker/Phase 2/Parts/Head","IN":"","ST":"G","FF":3,"LP":"SF","TRP":{"x":182.4,"y":291.85},"M3D":[0.9990234375,-0.043701171875,0.0,0.0,0.043701171875,0.9990234375,0.0,0.0,0.0,0.0,1.0,0.0,-182.4,-515.0,0.0,1.0]}}]},{"I":3,"DU":1,"E":[{"SI":{"SN":"Joker/Phase 2/Parts/Head","IN":"","ST":"G","FF":3,"LP":"SF","TRP":{"x":182.4,"y":291.85},"M3D":[0.9990234375,-0.043701171875,0.0,0.0,0.043701171875,0.9990234375,0.0,0.0,0.0,0.0,1.0,0.0,-182.4,-515.0,0.0,1.0]}}]},{"I":4,"DU":1,"E":[{"SI":{"SN":"Joker/Phase 2/Parts/Head","IN":"","ST":"G","FF":3,"LP":"SF","TRP":{"x":182.4,"y":291.85},"M3D":[0.9990234375,-0.043701171875,0.0,0.0,0.043701171875,0.9990234375,0.0,0.0,0.0,0.0,1.0,0.0,-182.4,-515.0,0.0,1.0]}}]},{"I":5,"DU":1,"E":[{"SI":{"SN":"Joker/Phase 2/Parts/Head","IN":"","ST":"G","FF":3,"LP":"SF","TRP":{"x":182.4,"y":291.85},"M3D":[0.9990234375,-0.043701171875,0.0,0.0,0.043701171875,0.9990234375,0.0,0.0,0.0,0.0,1.0,0.0,-182.4,-515.0,0.0,1.0]}}]},{"I":6,"DU":1,"E":[{"SI":{"SN":"Joker/Phase 2/Parts/Head","IN":"","ST":"G","FF":3,"LP":"SF","TRP":{"x":182.4,"y":291.85},"M3D":[0.9990234375,-0.043701171875,0.0,0.0,0.043701171875,0.9990234375,0.0,0.0,0.0,0.0,1.0,0.0,-182.4,-515.0,0.0,1.0]}}]},{"I":7,"DU":1,"E":[{"SI":{"SN":"Joker/Phase 2/Parts/Head","IN":"","ST":"G","FF":3,"LP":"SF","TRP":{"x":182.4,"y":291.85},"M3D":[0.9990234375,-0.043701171875,0.0,0.0,0.043701171875,0.9990234375,0.0,0.0,0.0,0.0,1.0,0.0,-182.4,-515.0,0.0,1.0]}}]},{"I":8,"DU":1,"E":[{"SI":{"SN":"Joker/Phase 2/Parts/Head","IN":"","ST":"G","FF":3,"LP":"SF","TRP":{"x":182.4,"y":291.85},"M3D":[0.9990234375,-0.043701171875,0.0,0.0,0.043701171875,0.9990234375,0.0,0.0,0.0,0.0,1.0,0.0,-182.4,-515.0,0.0,1.0]}}]},{"I":9,"DU":1,"E":[{"SI":{"SN":"Joker/Phase 2/Parts/Head","IN":"","ST":"G","FF":3,"LP":"SF","TRP":{"x":182.4,"y":291.85},"M3D":[0.9990234375,-0.043701171875,0.0,0.0,0.043701171875,0.9990234375,0.0,0.0,0.0,0.0,1.0,0.0,-182.4,-515.0,0.0,1.0]}}]},{"I":10,"DU":1,"E":[{"SI":{"SN":"Joker/Phase 2/Parts/Head","IN":"","ST":"G","FF":3,"LP":"SF","TRP":{"x":182.4,"y":291.85},"M3D":[0.9990234375,-0.043701171875,0.0,0.0,0.043701171875,0.9990234375,0.0,0.0,0.0,0.0,1.0,0.0,-182.4,-515.0,0.0,1.0]}}]},{"I":11,"DU":1,"E":[{"SI":{"SN":"Joker/Phase 2/Parts/Head","IN":"","ST":"G","FF":3,"LP":"SF","TRP":{"x":182.4,"y":291.85},"M3D":[0.9990234375,-0.043701171875,0.0,0.0,0.043701171875,0.9990234375,0.0,0.0,0.0,0.0,1.0,0.0,-182.4,-515.0,0.0,1.0]}}]},{"I":12,"DU":1,"E":[{"SI":{"SN":"Joker/Phase 2/Parts/Head","IN":"","ST":"G","FF":3,"LP":"SF","TRP":{"x":182.4,"y":291.85},"M3D":[0.9990234375,-0.043701171875,0.0,0.0,0.043701171875,0.9990234375,0.0,0.0,0.0,0.0,1.0,0.0,-182.4,-515.0,0.0,1.0]}}]},{"I":13,"DU":1,"E":[{"SI":{"SN":"Joker/Phase 2/Parts/Head","IN":"","ST":"G","FF":3,"LP":"SF","TRP":{"x":182.4,"y":291.85},"M3D":[0.9990234375,-0.043701171875,0.0,0.0,0.043701171875,0.9990234375,0.0,0.0,0.0,0.0,1.0,0.0,-182.4,-515.0,0.0,1.0]}}]},{"I":14,"DU":1,"E":[{"SI":{"SN":"Joker/Phase 2/Parts/Head","IN":"","ST":"G","FF":3,"LP":"SF","TRP":{"x":182.4,"y":291.85},"M3D":[0.9990234375,-0.043701171875,0.0,0.0,0.043701171875,0.9990234375,0.0,0.0,0.0,0.0,1.0,0.0,-182.4,-515.0,0.0,1.0]}}]},{"I":15,"DU":1,"E":[{"SI":{"SN":"Joker/Phase 2/Parts/Head","IN":"","ST":"G","FF":3,"LP":"SF","TRP":{"x":182.4,"y":291.85},"M3D":[0.9990234375,-0.043701171875,0.0,0.0,0.043701171875,0.9990234375,0.0,0.0,0.0,0.0,1.0,0.0,-182.4,-515.0,0.0,1.0]}}]},{"I":16,"DU":1,"E":[{"SI":{"SN":"Joker/Phase 2/Parts/Head","IN":"","ST":"G","FF":3,"LP":"SF","TRP":{"x":182.4,"y":291.85},"M3D":[0.9990234375,-0.043701171875,0.0,0.0,0.043701171875,0.9990234375,0.0,0.0,0.0,0.0,1.0,0.0,-182.4,-515.0,0.0,1.0]}}]},{"I":17,"DU":1,"E":[{"SI":{"SN":"Joker/Phase 2/Parts/Head","IN":"","ST":"G","FF":3,"LP":"SF","TRP":{"x":182.4,"y":291.85},"M3D":[0.9990234375,-0.043701171875,0.0,0.0,0.043701171875,0.9990234375,0.0,0.0,0.0,0.0,1.0,0.0,-182.4,-515.0,0.0,1.0]}}]},{"I":18,"DU":1,"E":[{"SI":{"SN":"Joker/Phase 2/Parts/Head","IN":"","ST":"G","FF":3,"LP":"SF","TRP":{"x":182.4,"y":291.85},"M3D":[0.9990234375,-0.043701171875,0.0,0.0,0.043701171875,0.9990234375,0.0,0.0,0.0,0.0,1.0,0.0,-182.4,-515.0,0.0,1.0]}}]},{"I":19,"DU":1,"E":[{"SI":{"SN":"Joker/Phase 2/Parts/Head","IN":"","ST":"G","FF":3,"LP":"SF","TRP":{"x":182.4,"y":291.85},"M3D":[0.9990234375,-0.043701171875,0.0,0.0,0.043701171875,0.9990234375,0.0,0.0,0.0,0.0,1.0,0.0,-182.4,-515.0,0.0,1.0]}}]},{"I":20,"DU":1,"E":[{"SI":{"SN":"Joker/Phase 2/Parts/Head","IN":"","ST":"G","FF":3,"LP":"SF","TRP":{"x":182.4,"y":291.85},"M3D":[0.9990234375,-0.043701171875,0.0,0.0,0.043701171875,0.9990234375,0.0,0.0,0.0,0.0,1.0,0.0,-182.4,-515.0,0.0,1.0]}}]},{"I":21,"DU":1,"E":[{"SI":{"SN":"Joker/Phase 2/Parts/Head","IN":"","ST":"G","FF":3,"LP":"SF","TRP":{"x":182.4,"y":291.85},"M3D":[0.9990234375,-0.043701171875,0.0,0.0,0.043701171875,0.9990234375,0.0,0.0,0.0,0.0,1.0,0.0,-182.4,-515.0,0.0,1.0]}}]},{"I":22,"DU":1,"E":[{"SI":{"SN":"Joker/Phase 2/Parts/Head","IN":"","ST":"G","FF":3,"LP":"SF","TRP":{"x":182.4,"y":291.85},"M3D":[0.9990234375,-0.043701171875,0.0,0.0,0.043701171875,0.9990234375,0.0,0.0,0.0,0.0,1.0,0.0,-182.4,-515.0,0.0,1.0]}}]},{"I":23,"DU":1,"E":[{"SI":{"SN":"Joker/Phase 2/Parts/Head","IN":"","ST":"G","FF":3,"LP":"SF","TRP":{"x":182.4,"y":291.85},"M3D":[0.9990234375,-0.043701171875,0.0,0.0,0.043701171875,0.9990234375,0.0,0.0,0.0,0.0,1.0,0.0,-182.4,-515.0,0.0,1.0]}}]},{"I":24,"DU":1,"E":[{"SI":{"SN":"Joker/Phase 2/Parts/Head","IN":"","ST":"G","FF":3,"LP":"SF","TRP":{"x":182.4,"y":291.85},"M3D":[0.9990234375,-0.043701171875,0.0,0.0,0.043701171875,0.9990234375,0.0,0.0,0.0,0.0,1.0,0.0,-182.4,-515.0,0.0,1.0]}}]},{"I":25,"DU":1,"E":[{"SI":{"SN":"Joker/Phase 2/Parts/Head","IN":"","ST":"G","FF":3,"LP":"SF","TRP":{"x":182.4,"y":291.85},"M3D":[0.9990234375,-0.043701171875,0.0,0.0,0.043701171875,0.9990234375,0.0,0.0,0.0,0.0,1.0,0.0,-182.4,-515.0,0.0,1.0]}}]},{"I":26,"DU":1,"E":[{"SI":{"SN":"Joker/Phase 2/Parts/Head","IN":"","ST":"G","FF":3,"LP":"SF","TRP":{"x":182.4,"y":291.85},"M3D":[0.9990234375,-0.043701171875,0.0,0.0,0.043701171875,0.9990234375,0.0,0.0,0.0,0.0,1.0,0.0,-182.4,-515.0,0.0,1.0]}}]},{"I":27,"DU":1,"E":[{"SI":{"SN":"Joker/Phase 2/Parts/Head","IN":"","ST":"G","FF":3,"LP":"SF","TRP":{"x":182.4,"y":291.85},"M3D":[0.9990234375,-0.043701171875,0.0,0.0,0.043701171875,0.9990234375,0.0,0.0,0.0,0.0,1.0,0.0,-182.4,-515.0,0.0,1.0]}}]}]},{"LN":"Layer_3","FR":[{"I":0,"DU":2,"E":[{"SI":{"SN":"Joker/Phase 2/Parts/Body","IN":"","ST":"MC","TRP":{"x":127.65,"y":215.4},"M3D":[0.7642822265625,0.0,0.0,0.0,0.0,1.376220703125,0.0,0.0,0.0,0.0,1.0,0.0,-88.35,-291.4,0.0,1.0]}}]},{"I":2,"DU":26,"E":[{"SI":{"SN":"Joker/Phase 2/Parts/Body","IN":"","ST":"MC","TRP":{"x":127.7,"y":215.45000000000003},"M3D":[0.8367156982421875,0.0,0.0,0.0,0.0,1.19384765625,0.0,0.0,0.0,0.0,1.0,0.0,-97.6,-252.05,0.0,1.0]}}]}]}]}},{"SN":"Joker/Phase 2/Parts/Head","TL":{"L":[{"LN":"Layer_5","FR":[{"I":0,"DU":1,"E":[{"ASI":{"N":"0002","M3D":[0.9999847412109375,0.0,0.0,0.0,0.0,0.9999847412109375,0.0,0.0,0.0,0.0,1.0,0.0,52.95,223.95,0.0,1.0]}}]},{"I":1,"DU":1,"E":[{"ASI":{"N":"0003","M3D":[0.9999847412109375,0.0,0.0,0.0,0.0,0.9999847412109375,0.0,0.0,0.0,0.0,1.0,0.0,18.95,199.95,0.0,1.0]}}]},{"I":2,"DU":1,"E":[{"ASI":{"N":"0004","M3D":[0.9999847412109375,0.0,0.0,0.0,0.0,0.9999847412109375,0.0,0.0,0.0,0.0,1.0,0.0,101.95,239.95,0.0,1.0]}}]},{"I":3,"DU":1,"E":[{"ASI":{"N":"0005","M3D":[0.9999847412109375,0.0,0.0,0.0,0.0,0.9999847412109375,0.0,0.0,0.0,0.0,1.0,0.0,101.95,168.95,0.0,1.0]}}]},{"I":4,"DU":1,"E":[{"ASI":{"N":"0006","M3D":[0.9999847412109375,0.0,0.0,0.0,0.0,0.9999847412109375,0.0,0.0,0.0,0.0,1.0,0.0,164.95,198.95,0.0,1.0]}}]}]},{"LN":"Layer_4","FR":[{"I":0,"DU":1,"E":[{"ASI":{"N":"0007","M3D":[0.9999847412109375,0.0,0.0,0.0,0.0,0.9999847412109375,0.0,0.0,0.0,0.0,1.0,0.0,101.95,164.95,0.0,1.0]}}]},{"I":1,"DU":1,"E":[{"ASI":{"N":"0008","M3D":[0.9999847412109375,0.0,0.0,0.0,0.0,0.9999847412109375,0.0,0.0,0.0,0.0,1.0,0.0,83.95,164.95,0.0,1.0]}}]},{"I":2,"DU":1,"E":[{"ASI":{"N":"0009","M3D":[0.9999847412109375,0.0,0.0,0.0,0.0,0.9999847412109375,0.0,0.0,0.0,0.0,1.0,0.0,101.95,182.95,0.0,1.0]}}]},{"I":3,"DU":1,"E":[{"ASI":{"N":"0010","M3D":[0.9999847412109375,0.0,0.0,0.0,0.0,0.9999847412109375,0.0,0.0,0.0,0.0,1.0,0.0,101.95,146.95,0.0,1.0]}}]},{"I":4,"DU":1,"E":[{"ASI":{"N":"0011","M3D":[0.9999847412109375,0.0,0.0,0.0,0.0,0.9999847412109375,0.0,0.0,0.0,0.0,1.0,0.0,119.95,164.95,0.0,1.0]}}]}]},{"LN":"MergedLayer_1","FR":[{"I":0,"DU":5,"E":[{"ASI":{"N":"0012","M3D":[0.9999847412109375,0.0,0.0,0.0,0.0,0.9999847412109375,0.0,0.0,0.0,0.0,1.0,0.0,0.0,0.0,0.0,1.0]}}]}]}]}},{"SN":"Joker/Phase 2/Parts/Body","TL":{"L":[{"LN":"Layer_2","FR":[{"I":0,"DU":1,"E":[{"ASI":{"N":"0001","M3D":[0.72662353515625,0.0,0.0,0.0,0.0,0.72662353515625,0.0,0.0,0.0,0.0,1.0,0.0,0.0,0.0,0.0,1.0]}}]}]}]}},{"SN":"Joker/Phase 2/Anims/Right","TL":{"L":[{"LN":"Layer_2","FR":[{"I":0,"DU":1,"E":[{"SI":{"SN":"Joker/Phase 2/Parts/Head","IN":"","ST":"G","FF":4,"LP":"SF","TRP":{"x":182.55,"y":291.90000000000006},"M3D":[0.9659271240234375,-0.2587890625,0.0,0.0,0.2587890625,0.9659271240234375,0.0,0.0,0.0,0.0,1.0,0.0,-129.1,-431.15,0.0,1.0]}}]},{"I":1,"DU":1,"E":[{"SI":{"SN":"Joker/Phase 2/Parts/Head","IN":"","ST":"G","FF":4,"LP":"SF","TRP":{"x":182.55,"y":291.9},"M3D":[0.9659271240234375,-0.2587890625,0.0,0.0,0.2587890625,0.9659271240234375,0.0,0.0,0.0,0.0,1.0,0.0,-129.1,-431.15,0.0,1.0]}}]},{"I":2,"DU":1,"E":[{"SI":{"SN":"Joker/Phase 2/Parts/Head","IN":"","ST":"G","FF":4,"LP":"SF","TRP":{"x":182.55,"y":291.90000000000006},"M3D":[0.9907073974609375,-0.13580322265625,0.0,0.0,0.13580322265625,0.9907073974609375,0.0,0.0,0.0,0.0,1.0,0.0,-132.55,-452.15,0.0,1.0]}}]},{"I":3,"DU":1,"E":[{"SI":{"SN":"Joker/Phase 2/Parts/Head","IN":"","ST":"G","FF":4,"LP":"SF","TRP":{"x":182.55,"y":291.9},"M3D":[0.9907073974609375,-0.13580322265625,0.0,0.0,0.13580322265625,0.9907073974609375,0.0,0.0,0.0,0.0,1.0,0.0,-132.55,-452.15,0.0,1.0]}}]},{"I":4,"DU":1,"E":[{"SI":{"SN":"Joker/Phase 2/Parts/Head","IN":"","ST":"G","FF":4,"LP":"SF","TRP":{"x":182.55,"y":291.9},"M3D":[0.9907073974609375,-0.13580322265625,0.0,0.0,0.13580322265625,0.9907073974609375,0.0,0.0,0.0,0.0,1.0,0.0,-132.55,-452.15,0.0,1.0]}}]},{"I":5,"DU":1,"E":[{"SI":{"SN":"Joker/Phase 2/Parts/Head","IN":"","ST":"G","FF":4,"LP":"SF","TRP":{"x":182.55,"y":291.9},"M3D":[0.9907073974609375,-0.13580322265625,0.0,0.0,0.13580322265625,0.9907073974609375,0.0,0.0,0.0,0.0,1.0,0.0,-132.55,-452.15,0.0,1.0]}}]},{"I":6,"DU":1,"E":[{"SI":{"SN":"Joker/Phase 2/Parts/Head","IN":"","ST":"G","FF":4,"LP":"SF","TRP":{"x":182.55,"y":291.9},"M3D":[0.9907073974609375,-0.13580322265625,0.0,0.0,0.13580322265625,0.9907073974609375,0.0,0.0,0.0,0.0,1.0,0.0,-132.55,-452.15,0.0,1.0]}}]},{"I":7,"DU":1,"E":[{"SI":{"SN":"Joker/Phase 2/Parts/Head","IN":"","ST":"G","FF":4,"LP":"SF","TRP":{"x":182.55,"y":291.9},"M3D":[0.9907073974609375,-0.13580322265625,0.0,0.0,0.13580322265625,0.9907073974609375,0.0,0.0,0.0,0.0,1.0,0.0,-132.55,-452.15,0.0,1.0]}}]},{"I":8,"DU":1,"E":[{"SI":{"SN":"Joker/Phase 2/Parts/Head","IN":"","ST":"G","FF":4,"LP":"SF","TRP":{"x":182.55,"y":291.9},"M3D":[0.9907073974609375,-0.13580322265625,0.0,0.0,0.13580322265625,0.9907073974609375,0.0,0.0,0.0,0.0,1.0,0.0,-132.55,-452.15,0.0,1.0]}}]},{"I":9,"DU":1,"E":[{"SI":{"SN":"Joker/Phase 2/Parts/Head","IN":"","ST":"G","FF":4,"LP":"SF","TRP":{"x":182.55,"y":291.9},"M3D":[0.9907073974609375,-0.13580322265625,0.0,0.0,0.13580322265625,0.9907073974609375,0.0,0.0,0.0,0.0,1.0,0.0,-132.55,-452.15,0.0,1.0]}}]},{"I":10,"DU":1,"E":[{"SI":{"SN":"Joker/Phase 2/Parts/Head","IN":"","ST":"G","FF":4,"LP":"SF","TRP":{"x":182.55,"y":291.9},"M3D":[0.9907073974609375,-0.13580322265625,0.0,0.0,0.13580322265625,0.9907073974609375,0.0,0.0,0.0,0.0,1.0,0.0,-132.55,-452.15,0.0,1.0]}}]},{"I":11,"DU":1,"E":[{"SI":{"SN":"Joker/Phase 2/Parts/Head","IN":"","ST":"G","FF":4,"LP":"SF","TRP":{"x":182.55,"y":291.9},"M3D":[0.9907073974609375,-0.13580322265625,0.0,0.0,0.13580322265625,0.9907073974609375,0.0,0.0,0.0,0.0,1.0,0.0,-132.55,-452.15,0.0,1.0]}}]},{"I":12,"DU":1,"E":[{"SI":{"SN":"Joker/Phase 2/Parts/Head","IN":"","ST":"G","FF":4,"LP":"SF","TRP":{"x":182.55,"y":291.9},"M3D":[0.9907073974609375,-0.13580322265625,0.0,0.0,0.13580322265625,0.9907073974609375,0.0,0.0,0.0,0.0,1.0,0.0,-132.55,-452.15,0.0,1.0]}}]},{"I":13,"DU":1,"E":[{"SI":{"SN":"Joker/Phase 2/Parts/Head","IN":"","ST":"G","FF":4,"LP":"SF","TRP":{"x":182.55,"y":291.9},"M3D":[0.9907073974609375,-0.13580322265625,0.0,0.0,0.13580322265625,0.9907073974609375,0.0,0.0,0.0,0.0,1.0,0.0,-132.55,-452.15,0.0,1.0]}}]},{"I":14,"DU":1,"E":[{"SI":{"SN":"Joker/Phase 2/Parts/Head","IN":"","ST":"G","FF":4,"LP":"SF","TRP":{"x":182.55,"y":291.9},"M3D":[0.9907073974609375,-0.13580322265625,0.0,0.0,0.13580322265625,0.9907073974609375,0.0,0.0,0.0,0.0,1.0,0.0,-132.55,-452.15,0.0,1.0]}}]},{"I":15,"DU":1,"E":[{"SI":{"SN":"Joker/Phase 2/Parts/Head","IN":"","ST":"G","FF":4,"LP":"SF","TRP":{"x":182.55,"y":291.9},"M3D":[0.9907073974609375,-0.13580322265625,0.0,0.0,0.13580322265625,0.9907073974609375,0.0,0.0,0.0,0.0,1.0,0.0,-132.55,-452.15,0.0,1.0]}}]},{"I":16,"DU":1,"E":[{"SI":{"SN":"Joker/Phase 2/Parts/Head","IN":"","ST":"G","FF":4,"LP":"SF","TRP":{"x":182.55,"y":291.9},"M3D":[0.9907073974609375,-0.13580322265625,0.0,0.0,0.13580322265625,0.9907073974609375,0.0,0.0,0.0,0.0,1.0,0.0,-132.55,-452.15,0.0,1.0]}}]},{"I":17,"DU":1,"E":[{"SI":{"SN":"Joker/Phase 2/Parts/Head","IN":"","ST":"G","FF":4,"LP":"SF","TRP":{"x":182.55,"y":291.9},"M3D":[0.9907073974609375,-0.13580322265625,0.0,0.0,0.13580322265625,0.9907073974609375,0.0,0.0,0.0,0.0,1.0,0.0,-132.55,-452.15,0.0,1.0]}}]},{"I":18,"DU":1,"E":[{"SI":{"SN":"Joker/Phase 2/Parts/Head","IN":"","ST":"G","FF":4,"LP":"SF","TRP":{"x":182.55,"y":291.9},"M3D":[0.9907073974609375,-0.13580322265625,0.0,0.0,0.13580322265625,0.9907073974609375,0.0,0.0,0.0,0.0,1.0,0.0,-132.55,-452.15,0.0,1.0]}}]},{"I":19,"DU":1,"E":[{"SI":{"SN":"Joker/Phase 2/Parts/Head","IN":"","ST":"G","FF":4,"LP":"SF","TRP":{"x":182.55,"y":291.9},"M3D":[0.9907073974609375,-0.13580322265625,0.0,0.0,0.13580322265625,0.9907073974609375,0.0,0.0,0.0,0.0,1.0,0.0,-132.55,-452.15,0.0,1.0]}}]},{"I":20,"DU":1,"E":[{"SI":{"SN":"Joker/Phase 2/Parts/Head","IN":"","ST":"G","FF":4,"LP":"SF","TRP":{"x":182.55,"y":291.9},"M3D":[0.9907073974609375,-0.13580322265625,0.0,0.0,0.13580322265625,0.9907073974609375,0.0,0.0,0.0,0.0,1.0,0.0,-132.55,-452.15,0.0,1.0]}}]},{"I":21,"DU":1,"E":[{"SI":{"SN":"Joker/Phase 2/Parts/Head","IN":"","ST":"G","FF":4,"LP":"SF","TRP":{"x":182.55,"y":291.9},"M3D":[0.9907073974609375,-0.13580322265625,0.0,0.0,0.13580322265625,0.9907073974609375,0.0,0.0,0.0,0.0,1.0,0.0,-132.55,-452.15,0.0,1.0]}}]},{"I":22,"DU":1,"E":[{"SI":{"SN":"Joker/Phase 2/Parts/Head","IN":"","ST":"G","FF":4,"LP":"SF","TRP":{"x":182.55,"y":291.9},"M3D":[0.9907073974609375,-0.13580322265625,0.0,0.0,0.13580322265625,0.9907073974609375,0.0,0.0,0.0,0.0,1.0,0.0,-132.55,-452.15,0.0,1.0]}}]},{"I":23,"DU":1,"E":[{"SI":{"SN":"Joker/Phase 2/Parts/Head","IN":"","ST":"G","FF":4,"LP":"SF","TRP":{"x":182.55,"y":291.9},"M3D":[0.9907073974609375,-0.13580322265625,0.0,0.0,0.13580322265625,0.9907073974609375,0.0,0.0,0.0,0.0,1.0,0.0,-132.55,-452.15,0.0,1.0]}}]},{"I":24,"DU":1,"E":[{"SI":{"SN":"Joker/Phase 2/Parts/Head","IN":"","ST":"G","FF":4,"LP":"SF","TRP":{"x":182.55,"y":291.9},"M3D":[0.9907073974609375,-0.13580322265625,0.0,0.0,0.13580322265625,0.9907073974609375,0.0,0.0,0.0,0.0,1.0,0.0,-132.55,-452.15,0.0,1.0]}}]},{"I":25,"DU":1,"E":[{"SI":{"SN":"Joker/Phase 2/Parts/Head","IN":"","ST":"G","FF":4,"LP":"SF","TRP":{"x":182.55,"y":291.9},"M3D":[0.9907073974609375,-0.13580322265625,0.0,0.0,0.13580322265625,0.9907073974609375,0.0,0.0,0.0,0.0,1.0,0.0,-132.55,-452.15,0.0,1.0]}}]},{"I":26,"DU":1,"E":[{"SI":{"SN":"Joker/Phase 2/Parts/Head","IN":"","ST":"G","FF":4,"LP":"SF","TRP":{"x":182.55,"y":291.9},"M3D":[0.9907073974609375,-0.13580322265625,0.0,0.0,0.13580322265625,0.9907073974609375,0.0,0.0,0.0,0.0,1.0,0.0,-132.55,-452.15,0.0,1.0]}}]},{"I":27,"DU":1,"E":[{"SI":{"SN":"Joker/Phase 2/Parts/Head","IN":"","ST":"G","FF":4,"LP":"SF","TRP":{"x":182.55,"y":291.9},"M3D":[0.9907073974609375,-0.13580322265625,0.0,0.0,0.13580322265625,0.9907073974609375,0.0,0.0,0.0,0.0,1.0,0.0,-132.55,-452.15,0.0,1.0]}}]}]},{"LN":"Layer_3","FR":[{"I":0,"DU":2,"E":[{"SI":{"SN":"Joker/Phase 2/Parts/Body","IN":"","ST":"MC","TRP":{"x":127.65,"y":215.3},"M3D":[1.0,0.0,0.0,0.0,-0.33697509765625,1.0,0.0,0.0,0.0,0.0,1.0,0.0,-46.3,-211.1,0.0,1.0]}}]},{"I":2,"DU":26,"E":[{"SI":{"SN":"Joker/Phase 2/Parts/Body","IN":"","ST":"MC","TRP":{"x":127.7,"y":215.3},"M3D":[1.0,0.0,0.0,0.0,-0.1971435546875,1.0,0.0,0.0,0.0,0.0,1.0,0.0,-76.4,-211.1,0.0,1.0]}}]}]}]}},{"SN":"Joker/Phase 2/Anims/Down","TL":{"L":[{"LN":"Layer_2","FR":[{"I":0,"DU":1,"E":[{"SI":{"SN":"Joker/Phase 2/Parts/Head","IN":"","ST":"G","FF":2,"LP":"SF","TRP":{"x":182.5,"y":291.85},"M3D":[1.0,0.0,0.0,0.0,0.0,1.0,0.0,0.0,0.0,0.0,1.0,0.0,-169.15,-452.0,0.0,1.0]}}]},{"I":1,"DU":1,"E":[{"SI":{"SN":"Joker/Phase 2/Parts/Head","IN":"","ST":"G","FF":2,"LP":"SF","TRP":{"x":182.5,"y":291.85},"M3D":[1.0,0.0,0.0,0.0,0.0,1.0,0.0,0.0,0.0,0.0,1.0,0.0,-169.15,-452.0,0.0,1.0]}}]},{"I":2,"DU":1,"E":[{"SI":{"SN":"Joker/Phase 2/Parts/Head","IN":"","ST":"G","FF":2,"LP":"SF","TRP":{"x":182.5,"y":291.85},"M3D":[1.0,0.0,0.0,0.0,0.0,1.0,0.0,0.0,0.0,0.0,1.0,0.0,-169.15,-462.15,0.0,1.0]}}]},{"I":3,"DU":1,"E":[{"SI":{"SN":"Joker/Phase 2/Parts/Head","IN":"","ST":"G","FF":2,"LP":"SF","TRP":{"x":182.5,"y":291.85},"M3D":[1.0,0.0,0.0,0.0,0.0,1.0,0.0,0.0,0.0,0.0,1.0,0.0,-169.15,-462.15,0.0,1.0]}}]},{"I":4,"DU":1,"E":[{"SI":{"SN":"Joker/Phase 2/Parts/Head","IN":"","ST":"G","FF":2,"LP":"SF","TRP":{"x":182.5,"y":291.85},"M3D":[1.0,0.0,0.0,0.0,0.0,1.0,0.0,0.0,0.0,0.0,1.0,0.0,-169.15,-462.15,0.0,1.0]}}]},{"I":5,"DU":1,"E":[{"SI":{"SN":"Joker/Phase 2/Parts/Head","IN":"","ST":"G","FF":2,"LP":"SF","TRP":{"x":182.5,"y":291.85},"M3D":[1.0,0.0,0.0,0.0,0.0,1.0,0.0,0.0,0.0,0.0,1.0,0.0,-169.15,-462.15,0.0,1.0]}}]},{"I":6,"DU":1,"E":[{"SI":{"SN":"Joker/Phase 2/Parts/Head","IN":"","ST":"G","FF":2,"LP":"SF","TRP":{"x":182.5,"y":291.85},"M3D":[1.0,0.0,0.0,0.0,0.0,1.0,0.0,0.0,0.0,0.0,1.0,0.0,-169.15,-462.15,0.0,1.0]}}]},{"I":7,"DU":1,"E":[{"SI":{"SN":"Joker/Phase 2/Parts/Head","IN":"","ST":"G","FF":2,"LP":"SF","TRP":{"x":182.5,"y":291.85},"M3D":[1.0,0.0,0.0,0.0,0.0,1.0,0.0,0.0,0.0,0.0,1.0,0.0,-169.15,-462.15,0.0,1.0]}}]},{"I":8,"DU":1,"E":[{"SI":{"SN":"Joker/Phase 2/Parts/Head","IN":"","ST":"G","FF":2,"LP":"SF","TRP":{"x":182.5,"y":291.85},"M3D":[1.0,0.0,0.0,0.0,0.0,1.0,0.0,0.0,0.0,0.0,1.0,0.0,-169.15,-462.15,0.0,1.0]}}]},{"I":9,"DU":1,"E":[{"SI":{"SN":"Joker/Phase 2/Parts/Head","IN":"","ST":"G","FF":2,"LP":"SF","TRP":{"x":182.5,"y":291.85},"M3D":[1.0,0.0,0.0,0.0,0.0,1.0,0.0,0.0,0.0,0.0,1.0,0.0,-169.15,-462.15,0.0,1.0]}}]},{"I":10,"DU":1,"E":[{"SI":{"SN":"Joker/Phase 2/Parts/Head","IN":"","ST":"G","FF":2,"LP":"SF","TRP":{"x":182.5,"y":291.85},"M3D":[1.0,0.0,0.0,0.0,0.0,1.0,0.0,0.0,0.0,0.0,1.0,0.0,-169.15,-462.15,0.0,1.0]}}]},{"I":11,"DU":1,"E":[{"SI":{"SN":"Joker/Phase 2/Parts/Head","IN":"","ST":"G","FF":2,"LP":"SF","TRP":{"x":182.5,"y":291.85},"M3D":[1.0,0.0,0.0,0.0,0.0,1.0,0.0,0.0,0.0,0.0,1.0,0.0,-169.15,-462.15,0.0,1.0]}}]},{"I":12,"DU":1,"E":[{"SI":{"SN":"Joker/Phase 2/Parts/Head","IN":"","ST":"G","FF":2,"LP":"SF","TRP":{"x":182.5,"y":291.85},"M3D":[1.0,0.0,0.0,0.0,0.0,1.0,0.0,0.0,0.0,0.0,1.0,0.0,-169.15,-462.15,0.0,1.0]}}]},{"I":13,"DU":1,"E":[{"SI":{"SN":"Joker/Phase 2/Parts/Head","IN":"","ST":"G","FF":2,"LP":"SF","TRP":{"x":182.5,"y":291.85},"M3D":[1.0,0.0,0.0,0.0,0.0,1.0,0.0,0.0,0.0,0.0,1.0,0.0,-169.15,-462.15,0.0,1.0]}}]},{"I":14,"DU":1,"E":[{"SI":{"SN":"Joker/Phase 2/Parts/Head","IN":"","ST":"G","FF":2,"LP":"SF","TRP":{"x":182.5,"y":291.85},"M3D":[1.0,0.0,0.0,0.0,0.0,1.0,0.0,0.0,0.0,0.0,1.0,0.0,-169.15,-462.15,0.0,1.0]}}]},{"I":15,"DU":1,"E":[{"SI":{"SN":"Joker/Phase 2/Parts/Head","IN":"","ST":"G","FF":2,"LP":"SF","TRP":{"x":182.5,"y":291.85},"M3D":[1.0,0.0,0.0,0.0,0.0,1.0,0.0,0.0,0.0,0.0,1.0,0.0,-169.15,-462.15,0.0,1.0]}}]},{"I":16,"DU":1,"E":[{"SI":{"SN":"Joker/Phase 2/Parts/Head","IN":"","ST":"G","FF":2,"LP":"SF","TRP":{"x":182.5,"y":291.85},"M3D":[1.0,0.0,0.0,0.0,0.0,1.0,0.0,0.0,0.0,0.0,1.0,0.0,-169.15,-462.15,0.0,1.0]}}]},{"I":17,"DU":1,"E":[{"SI":{"SN":"Joker/Phase 2/Parts/Head","IN":"","ST":"G","FF":2,"LP":"SF","TRP":{"x":182.5,"y":291.85},"M3D":[1.0,0.0,0.0,0.0,0.0,1.0,0.0,0.0,0.0,0.0,1.0,0.0,-169.15,-462.15,0.0,1.0]}}]},{"I":18,"DU":1,"E":[{"SI":{"SN":"Joker/Phase 2/Parts/Head","IN":"","ST":"G","FF":2,"LP":"SF","TRP":{"x":182.5,"y":291.85},"M3D":[1.0,0.0,0.0,0.0,0.0,1.0,0.0,0.0,0.0,0.0,1.0,0.0,-169.15,-462.15,0.0,1.0]}}]},{"I":19,"DU":1,"E":[{"SI":{"SN":"Joker/Phase 2/Parts/Head","IN":"","ST":"G","FF":2,"LP":"SF","TRP":{"x":182.5,"y":291.85},"M3D":[1.0,0.0,0.0,0.0,0.0,1.0,0.0,0.0,0.0,0.0,1.0,0.0,-169.15,-462.15,0.0,1.0]}}]},{"I":20,"DU":1,"E":[{"SI":{"SN":"Joker/Phase 2/Parts/Head","IN":"","ST":"G","FF":2,"LP":"SF","TRP":{"x":182.5,"y":291.85},"M3D":[1.0,0.0,0.0,0.0,0.0,1.0,0.0,0.0,0.0,0.0,1.0,0.0,-169.15,-462.15,0.0,1.0]}}]},{"I":21,"DU":1,"E":[{"SI":{"SN":"Joker/Phase 2/Parts/Head","IN":"","ST":"G","FF":2,"LP":"SF","TRP":{"x":182.5,"y":291.85},"M3D":[1.0,0.0,0.0,0.0,0.0,1.0,0.0,0.0,0.0,0.0,1.0,0.0,-169.15,-462.15,0.0,1.0]}}]},{"I":22,"DU":1,"E":[{"SI":{"SN":"Joker/Phase 2/Parts/Head","IN":"","ST":"G","FF":2,"LP":"SF","TRP":{"x":182.5,"y":291.85},"M3D":[1.0,0.0,0.0,0.0,0.0,1.0,0.0,0.0,0.0,0.0,1.0,0.0,-169.15,-462.15,0.0,1.0]}}]},{"I":23,"DU":1,"E":[{"SI":{"SN":"Joker/Phase 2/Parts/Head","IN":"","ST":"G","FF":2,"LP":"SF","TRP":{"x":182.5,"y":291.85},"M3D":[1.0,0.0,0.0,0.0,0.0,1.0,0.0,0.0,0.0,0.0,1.0,0.0,-169.15,-462.15,0.0,1.0]}}]},{"I":24,"DU":1,"E":[{"SI":{"SN":"Joker/Phase 2/Parts/Head","IN":"","ST":"G","FF":2,"LP":"SF","TRP":{"x":182.5,"y":291.85},"M3D":[1.0,0.0,0.0,0.0,0.0,1.0,0.0,0.0,0.0,0.0,1.0,0.0,-169.15,-462.15,0.0,1.0]}}]},{"I":25,"DU":1,"E":[{"SI":{"SN":"Joker/Phase 2/Parts/Head","IN":"","ST":"G","FF":2,"LP":"SF","TRP":{"x":182.5,"y":291.85},"M3D":[1.0,0.0,0.0,0.0,0.0,1.0,0.0,0.0,0.0,0.0,1.0,0.0,-169.15,-462.15,0.0,1.0]}}]},{"I":26,"DU":1,"E":[{"SI":{"SN":"Joker/Phase 2/Parts/Head","IN":"","ST":"G","FF":2,"LP":"SF","TRP":{"x":182.5,"y":291.85},"M3D":[1.0,0.0,0.0,0.0,0.0,1.0,0.0,0.0,0.0,0.0,1.0,0.0,-169.15,-462.15,0.0,1.0]}}]},{"I":27,"DU":1,"E":[{"SI":{"SN":"Joker/Phase 2/Parts/Head","IN":"","ST":"G","FF":2,"LP":"SF","TRP":{"x":182.5,"y":291.85},"M3D":[1.0,0.0,0.0,0.0,0.0,1.0,0.0,0.0,0.0,0.0,1.0,0.0,-169.15,-462.15,0.0,1.0]}}]}]},{"LN":"Layer_3","FR":[{"I":0,"DU":2,"E":[{"SI":{"SN":"Joker/Phase 2/Parts/Body","IN":"","ST":"MC","TRP":{"x":127.7,"y":215.3},"M3D":[1.190673828125,0.0,0.0,0.0,0.0,0.8973388671875,0.0,0.0,0.0,0.0,1.0,0.0,-140.8,-188.95,0.0,1.0]}}]},{"I":2,"DU":26,"E":[{"SI":{"SN":"Joker/Phase 2/Parts/Body","IN":"","ST":"MC","TRP":{"x":127.85000000000001,"y":215.3},"M3D":[1.08660888671875,0.0,0.0,0.0,0.0,0.9727783203125,0.0,0.0,0.0,0.0,1.0,0.0,-127.5,-205.2,0.0,1.0]}}]}]}]}},{"SN":"Joker/Phase 2/Anims/Left","TL":{"L":[{"LN":"Layer_2","FR":[{"I":0,"DU":1,"E":[{"SI":{"SN":"Joker/Phase 2/Parts/Head","IN":"","ST":"G","FF":1,"LP":"SF","TRP":{"x":182.5,"y":291.8},"M3D":[0.979217529296875,0.2028045654296875,0.0,0.0,-0.2028045654296875,0.979217529296875,0.0,0.0,0.0,0.0,1.0,0.0,-192.65,-522.2,0.0,1.0]}}]},{"I":1,"DU":1,"E":[{"SI":{"SN":"Joker/Phase 2/Parts/Head","IN":"","ST":"G","FF":1,"LP":"SF","TRP":{"x":182.5,"y":291.8},"M3D":[0.979217529296875,0.2028045654296875,0.0,0.0,-0.2028045654296875,0.979217529296875,0.0,0.0,0.0,0.0,1.0,0.0,-192.65,-522.2,0.0,1.0]}}]},{"I":2,"DU":1,"E":[{"SI":{"SN":"Joker/Phase 2/Parts/Head","IN":"","ST":"G","FF":1,"LP":"SF","TRP":{"x":182.5,"y":291.75},"M3D":[0.9925537109375,0.12176513671875,0.0,0.0,-0.12176513671875,0.9925537109375,0.0,0.0,0.0,0.0,1.0,0.0,-191.1,-507.65,0.0,1.0]}}]},{"I":3,"DU":1,"E":[{"SI":{"SN":"Joker/Phase 2/Parts/Head","IN":"","ST":"G","FF":1,"LP":"SF","TRP":{"x":182.5,"y":291.75},"M3D":[0.9925537109375,0.12176513671875,0.0,0.0,-0.12176513671875,0.9925537109375,0.0,0.0,0.0,0.0,1.0,0.0,-191.1,-507.65,0.0,1.0]}}]},{"I":4,"DU":1,"E":[{"SI":{"SN":"Joker/Phase 2/Parts/Head","IN":"","ST":"G","FF":1,"LP":"SF","TRP":{"x":182.5,"y":291.75},"M3D":[0.9925537109375,0.12176513671875,0.0,0.0,-0.12176513671875,0.9925537109375,0.0,0.0,0.0,0.0,1.0,0.0,-191.1,-507.65,0.0,1.0]}}]},{"I":5,"DU":1,"E":[{"SI":{"SN":"Joker/Phase 2/Parts/Head","IN":"","ST":"G","FF":1,"LP":"SF","TRP":{"x":182.5,"y":291.75},"M3D":[0.9925537109375,0.12176513671875,0.0,0.0,-0.12176513671875,0.9925537109375,0.0,0.0,0.0,0.0,1.0,0.0,-191.1,-507.65,0.0,1.0]}}]},{"I":6,"DU":1,"E":[{"SI":{"SN":"Joker/Phase 2/Parts/Head","IN":"","ST":"G","FF":1,"LP":"SF","TRP":{"x":182.5,"y":291.75},"M3D":[0.9925537109375,0.12176513671875,0.0,0.0,-0.12176513671875,0.9925537109375,0.0,0.0,0.0,0.0,1.0,0.0,-191.1,-507.65,0.0,1.0]}}]},{"I":7,"DU":1,"E":[{"SI":{"SN":"Joker/Phase 2/Parts/Head","IN":"","ST":"G","FF":1,"LP":"SF","TRP":{"x":182.5,"y":291.75},"M3D":[0.9925537109375,0.12176513671875,0.0,0.0,-0.12176513671875,0.9925537109375,0.0,0.0,0.0,0.0,1.0,0.0,-191.1,-507.65,0.0,1.0]}}]},{"I":8,"DU":1,"E":[{"SI":{"SN":"Joker/Phase 2/Parts/Head","IN":"","ST":"G","FF":1,"LP":"SF","TRP":{"x":182.5,"y":291.75},"M3D":[0.9925537109375,0.12176513671875,0.0,0.0,-0.12176513671875,0.9925537109375,0.0,0.0,0.0,0.0,1.0,0.0,-191.1,-507.65,0.0,1.0]}}]},{"I":9,"DU":1,"E":[{"SI":{"SN":"Joker/Phase 2/Parts/Head","IN":"","ST":"G","FF":1,"LP":"SF","TRP":{"x":182.5,"y":291.75},"M3D":[0.9925537109375,0.12176513671875,0.0,0.0,-0.12176513671875,0.9925537109375,0.0,0.0,0.0,0.0,1.0,0.0,-191.1,-507.65,0.0,1.0]}}]},{"I":10,"DU":1,"E":[{"SI":{"SN":"Joker/Phase 2/Parts/Head","IN":"","ST":"G","FF":1,"LP":"SF","TRP":{"x":182.5,"y":291.75},"M3D":[0.9925537109375,0.12176513671875,0.0,0.0,-0.12176513671875,0.9925537109375,0.0,0.0,0.0,0.0,1.0,0.0,-191.1,-507.65,0.0,1.0]}}]},{"I":11,"DU":1,"E":[{"SI":{"SN":"Joker/Phase 2/Parts/Head","IN":"","ST":"G","FF":1,"LP":"SF","TRP":{"x":182.5,"y":291.75},"M3D":[0.9925537109375,0.12176513671875,0.0,0.0,-0.12176513671875,0.9925537109375,0.0,0.0,0.0,0.0,1.0,0.0,-191.1,-507.65,0.0,1.0]}}]},{"I":12,"DU":1,"E":[{"SI":{"SN":"Joker/Phase 2/Parts/Head","IN":"","ST":"G","FF":1,"LP":"SF","TRP":{"x":182.5,"y":291.75},"M3D":[0.9925537109375,0.12176513671875,0.0,0.0,-0.12176513671875,0.9925537109375,0.0,0.0,0.0,0.0,1.0,0.0,-191.1,-507.65,0.0,1.0]}}]},{"I":13,"DU":1,"E":[{"SI":{"SN":"Joker/Phase 2/Parts/Head","IN":"","ST":"G","FF":1,"LP":"SF","TRP":{"x":182.5,"y":291.75},"M3D":[0.9925537109375,0.12176513671875,0.0,0.0,-0.12176513671875,0.9925537109375,0.0,0.0,0.0,0.0,1.0,0.0,-191.1,-507.65,0.0,1.0]}}]},{"I":14,"DU":1,"E":[{"SI":{"SN":"Joker/Phase 2/Parts/Head","IN":"","ST":"G","FF":1,"LP":"SF","TRP":{"x":182.5,"y":291.75},"M3D":[0.9925537109375,0.12176513671875,0.0,0.0,-0.12176513671875,0.9925537109375,0.0,0.0,0.0,0.0,1.0,0.0,-191.1,-507.65,0.0,1.0]}}]},{"I":15,"DU":1,"E":[{"SI":{"SN":"Joker/Phase 2/Parts/Head","IN":"","ST":"G","FF":1,"LP":"SF","TRP":{"x":182.5,"y":291.75},"M3D":[0.9925537109375,0.12176513671875,0.0,0.0,-0.12176513671875,0.9925537109375,0.0,0.0,0.0,0.0,1.0,0.0,-191.1,-507.65,0.0,1.0]}}]},{"I":16,"DU":1,"E":[{"SI":{"SN":"Joker/Phase 2/Parts/Head","IN":"","ST":"G","FF":1,"LP":"SF","TRP":{"x":182.5,"y":291.75},"M3D":[0.9925537109375,0.12176513671875,0.0,0.0,-0.12176513671875,0.9925537109375,0.0,0.0,0.0,0.0,1.0,0.0,-191.1,-507.65,0.0,1.0]}}]},{"I":17,"DU":1,"E":[{"SI":{"SN":"Joker/Phase 2/Parts/Head","IN":"","ST":"G","FF":1,"LP":"SF","TRP":{"x":182.5,"y":291.75},"M3D":[0.9925537109375,0.12176513671875,0.0,0.0,-0.12176513671875,0.9925537109375,0.0,0.0,0.0,0.0,1.0,0.0,-191.1,-507.65,0.0,1.0]}}]},{"I":18,"DU":1,"E":[{"SI":{"SN":"Joker/Phase 2/Parts/Head","IN":"","ST":"G","FF":1,"LP":"SF","TRP":{"x":182.5,"y":291.75},"M3D":[0.9925537109375,0.12176513671875,0.0,0.0,-0.12176513671875,0.9925537109375,0.0,0.0,0.0,0.0,1.0,0.0,-191.1,-507.65,0.0,1.0]}}]},{"I":19,"DU":1,"E":[{"SI":{"SN":"Joker/Phase 2/Parts/Head","IN":"","ST":"G","FF":1,"LP":"SF","TRP":{"x":182.5,"y":291.75},"M3D":[0.9925537109375,0.12176513671875,0.0,0.0,-0.12176513671875,0.9925537109375,0.0,0.0,0.0,0.0,1.0,0.0,-191.1,-507.65,0.0,1.0]}}]},{"I":20,"DU":1,"E":[{"SI":{"SN":"Joker/Phase 2/Parts/Head","IN":"","ST":"G","FF":1,"LP":"SF","TRP":{"x":182.5,"y":291.75},"M3D":[0.9925537109375,0.12176513671875,0.0,0.0,-0.12176513671875,0.9925537109375,0.0,0.0,0.0,0.0,1.0,0.0,-191.1,-507.65,0.0,1.0]}}]},{"I":21,"DU":1,"E":[{"SI":{"SN":"Joker/Phase 2/Parts/Head","IN":"","ST":"G","FF":1,"LP":"SF","TRP":{"x":182.5,"y":291.75},"M3D":[0.9925537109375,0.12176513671875,0.0,0.0,-0.12176513671875,0.9925537109375,0.0,0.0,0.0,0.0,1.0,0.0,-191.1,-507.65,0.0,1.0]}}]},{"I":22,"DU":1,"E":[{"SI":{"SN":"Joker/Phase 2/Parts/Head","IN":"","ST":"G","FF":1,"LP":"SF","TRP":{"x":182.5,"y":291.75},"M3D":[0.9925537109375,0.12176513671875,0.0,0.0,-0.12176513671875,0.9925537109375,0.0,0.0,0.0,0.0,1.0,0.0,-191.1,-507.65,0.0,1.0]}}]},{"I":23,"DU":1,"E":[{"SI":{"SN":"Joker/Phase 2/Parts/Head","IN":"","ST":"G","FF":1,"LP":"SF","TRP":{"x":182.5,"y":291.75},"M3D":[0.9925537109375,0.12176513671875,0.0,0.0,-0.12176513671875,0.9925537109375,0.0,0.0,0.0,0.0,1.0,0.0,-191.1,-507.65,0.0,1.0]}}]},{"I":24,"DU":1,"E":[{"SI":{"SN":"Joker/Phase 2/Parts/Head","IN":"","ST":"G","FF":1,"LP":"SF","TRP":{"x":182.5,"y":291.75},"M3D":[0.9925537109375,0.12176513671875,0.0,0.0,-0.12176513671875,0.9925537109375,0.0,0.0,0.0,0.0,1.0,0.0,-191.1,-507.65,0.0,1.0]}}]},{"I":25,"DU":1,"E":[{"SI":{"SN":"Joker/Phase 2/Parts/Head","IN":"","ST":"G","FF":1,"LP":"SF","TRP":{"x":182.5,"y":291.75},"M3D":[0.9925537109375,0.12176513671875,0.0,0.0,-0.12176513671875,0.9925537109375,0.0,0.0,0.0,0.0,1.0,0.0,-191.1,-507.65,0.0,1.0]}}]},{"I":26,"DU":1,"E":[{"SI":{"SN":"Joker/Phase 2/Parts/Head","IN":"","ST":"G","FF":1,"LP":"SF","TRP":{"x":182.5,"y":291.75},"M3D":[0.9925537109375,0.12176513671875,0.0,0.0,-0.12176513671875,0.9925537109375,0.0,0.0,0.0,0.0,1.0,0.0,-191.1,-507.65,0.0,1.0]}}]},{"I":27,"DU":1,"E":[{"SI":{"SN":"Joker/Phase 2/Parts/Head","IN":"","ST":"G","FF":1,"LP":"SF","TRP":{"x":182.5,"y":291.75},"M3D":[0.9925537109375,0.12176513671875,0.0,0.0,-0.12176513671875,0.9925537109375,0.0,0.0,0.0,0.0,1.0,0.0,-191.1,-507.65,0.0,1.0]}}]}]},{"LN":"Layer_3","FR":[{"I":0,"DU":2,"E":[{"SI":{"SN":"Joker/Phase 2/Parts/Body","IN":"","ST":"MC","TRP":{"x":127.65,"y":215.3},"M3D":[1.0,0.0,0.0,0.0,0.35345458984375,1.0,0.0,0.0,0.0,0.0,1.0,0.0,-191.25,-211.25,0.0,1.0]}}]},{"I":2,"DU":26,"E":[{"SI":{"SN":"Joker/Phase 2/Parts/Body","IN":"","ST":"MC","TRP":{"x":127.60000000000001,"y":215.3},"M3D":[1.0,0.0,0.0,0.0,0.23870849609375,1.0,0.0,0.0,0.0,0.0,1.0,0.0,-166.5,-211.25,0.0,1.0]}}]}]}]}},{"SN":"Joker/Phase 2/Anims/Why...? What cult is this...?","TL":{"L":[{"LN":"Layer_2","FR":[{"I":0,"DU":1,"E":[{"ASI":{"N":"0000","M3D":[1.0,0.0,0.0,0.0,0.0,1.0,0.0,0.0,0.0,0.0,1.0,0.0,-204.0,-577.0,0.0,1.0]}}]}]}]}},{"SN":"Joker/Phase 2/Anims/Idle","TL":{"L":[{"LN":"Layer_5","FR":[{"I":0,"DU":1,"E":[{"SI":{"SN":"Joker/Phase 2/Parts/Head","IN":"","ST":"G","FF":0,"LP":"SF","TRP":{"x":182.5,"y":291.85},"M3D":[1.0,0.0,0.0,0.0,0.0,1.0,0.0,0.0,0.0,0.0,1.0,0.0,-170.05,-481.05,0.0,1.0]}}]},{"I":1,"DU":1,"E":[{"SI":{"SN":"Joker/Phase 2/Parts/Head","IN":"","ST":"G","FF":0,"LP":"SF","TRP":{"x":182.5,"y":291.85},"M3D":[1.0,0.0,0.0,0.0,0.0,1.0,0.0,0.0,0.0,0.0,1.0,0.0,-170.05,-481.05,0.0,1.0]}}]},{"I":2,"DU":1,"E":[{"SI":{"SN":"Joker/Phase 2/Parts/Head","IN":"","ST":"G","FF":0,"LP":"SF","TRP":{"x":182.5,"y":291.85},"M3D":[1.0,0.0,0.0,0.0,0.0,1.0,0.0,0.0,0.0,0.0,1.0,0.0,-170.05,-481.05,0.0,1.0]}}]},{"I":3,"DU":1,"E":[{"SI":{"SN":"Joker/Phase 2/Parts/Head","IN":"","ST":"G","FF":0,"LP":"SF","TRP":{"x":182.5,"y":291.85},"M3D":[1.0,0.0,0.0,0.0,0.0,1.0,0.0,0.0,0.0,0.0,1.0,0.0,-170.05,-481.05,0.0,1.0]}}]},{"I":4,"DU":1,"E":[{"SI":{"SN":"Joker/Phase 2/Parts/Head","IN":"","ST":"G","FF":0,"LP":"SF","TRP":{"x":182.5,"y":291.85},"M3D":[1.0,0.0,0.0,0.0,0.0,1.0,0.0,0.0,0.0,0.0,1.0,0.0,-170.05,-481.05,0.0,1.0]}}]},{"I":5,"DU":1,"E":[{"SI":{"SN":"Joker/Phase 2/Parts/Head","IN":"","ST":"G","FF":0,"LP":"SF","TRP":{"x":182.5,"y":291.85},"M3D":[1.0,0.0,0.0,0.0,0.0,1.0,0.0,0.0,0.0,0.0,1.0,0.0,-170.05,-475.65,0.0,1.0]}}]},{"I":6,"DU":1,"E":[{"SI":{"SN":"Joker/Phase 2/Parts/Head","IN":"","ST":"G","FF":0,"LP":"SF","TRP":{"x":182.5,"y":291.85},"M3D":[1.0,0.0,0.0,0.0,0.0,1.0,0.0,0.0,0.0,0.0,1.0,0.0,-170.05,-475.65,0.0,1.0]}}]},{"I":7,"DU":1,"E":[{"SI":{"SN":"Joker/Phase 2/Parts/Head","IN":"","ST":"G","FF":0,"LP":"SF","TRP":{"x":182.5,"y":291.85},"M3D":[1.0,0.0,0.0,0.0,0.0,1.0,0.0,0.0,0.0,0.0,1.0,0.0,-170.05,-475.65,0.0,1.0]}}]},{"I":8,"DU":1,"E":[{"SI":{"SN":"Joker/Phase 2/Parts/Head","IN":"","ST":"G","FF":0,"LP":"SF","TRP":{"x":182.5,"y":291.85},"M3D":[1.0,0.0,0.0,0.0,0.0,1.0,0.0,0.0,0.0,0.0,1.0,0.0,-170.05,-475.65,0.0,1.0]}}]},{"I":9,"DU":1,"E":[{"SI":{"SN":"Joker/Phase 2/Parts/Head","IN":"","ST":"G","FF":0,"LP":"SF","TRP":{"x":182.5,"y":291.85},"M3D":[1.0,0.0,0.0,0.0,0.0,1.0,0.0,0.0,0.0,0.0,1.0,0.0,-170.05,-475.65,0.0,1.0]}}]},{"I":10,"DU":1,"E":[{"SI":{"SN":"Joker/Phase 2/Parts/Head","IN":"","ST":"G","FF":0,"LP":"SF","TRP":{"x":182.5,"y":291.85},"M3D":[1.0,0.0,0.0,0.0,0.0,1.0,0.0,0.0,0.0,0.0,1.0,0.0,-170.05,-470.25,0.0,1.0]}}]},{"I":11,"DU":1,"E":[{"SI":{"SN":"Joker/Phase 2/Parts/Head","IN":"","ST":"G","FF":0,"LP":"SF","TRP":{"x":182.5,"y":291.85},"M3D":[1.0,0.0,0.0,0.0,0.0,1.0,0.0,0.0,0.0,0.0,1.0,0.0,-170.05,-470.25,0.0,1.0]}}]},{"I":12,"DU":1,"E":[{"SI":{"SN":"Joker/Phase 2/Parts/Head","IN":"","ST":"G","FF":0,"LP":"SF","TRP":{"x":182.5,"y":291.85},"M3D":[1.0,0.0,0.0,0.0,0.0,1.0,0.0,0.0,0.0,0.0,1.0,0.0,-170.05,-470.25,0.0,1.0]}}]},{"I":13,"DU":1,"E":[{"SI":{"SN":"Joker/Phase 2/Parts/Head","IN":"","ST":"G","FF":0,"LP":"SF","TRP":{"x":182.5,"y":291.85},"M3D":[1.0,0.0,0.0,0.0,0.0,1.0,0.0,0.0,0.0,0.0,1.0,0.0,-170.05,-470.25,0.0,1.0]}}]},{"I":14,"DU":1,"E":[{"SI":{"SN":"Joker/Phase 2/Parts/Head","IN":"","ST":"G","FF":0,"LP":"SF","TRP":{"x":182.5,"y":291.85},"M3D":[1.0,0.0,0.0,0.0,0.0,1.0,0.0,0.0,0.0,0.0,1.0,0.0,-170.05,-470.25,0.0,1.0]}}]},{"I":15,"DU":1,"E":[{"SI":{"SN":"Joker/Phase 2/Parts/Head","IN":"","ST":"G","FF":0,"LP":"SF","TRP":{"x":182.5,"y":291.85},"M3D":[1.0,0.0,0.0,0.0,0.0,1.0,0.0,0.0,0.0,0.0,1.0,0.0,-170.05,-464.85,0.0,1.0]}}]},{"I":16,"DU":1,"E":[{"SI":{"SN":"Joker/Phase 2/Parts/Head","IN":"","ST":"G","FF":0,"LP":"SF","TRP":{"x":182.5,"y":291.85},"M3D":[1.0,0.0,0.0,0.0,0.0,1.0,0.0,0.0,0.0,0.0,1.0,0.0,-170.05,-464.85,0.0,1.0]}}]},{"I":17,"DU":1,"E":[{"SI":{"SN":"Joker/Phase 2/Parts/Head","IN":"","ST":"G","FF":0,"LP":"SF","TRP":{"x":182.5,"y":291.85},"M3D":[1.0,0.0,0.0,0.0,0.0,1.0,0.0,0.0,0.0,0.0,1.0,0.0,-170.05,-464.85,0.0,1.0]}}]},{"I":18,"DU":1,"E":[{"SI":{"SN":"Joker/Phase 2/Parts/Head","IN":"","ST":"G","FF":0,"LP":"SF","TRP":{"x":182.5,"y":291.85},"M3D":[1.0,0.0,0.0,0.0,0.0,1.0,0.0,0.0,0.0,0.0,1.0,0.0,-170.05,-464.85,0.0,1.0]}}]},{"I":19,"DU":1,"E":[{"SI":{"SN":"Joker/Phase 2/Parts/Head","IN":"","ST":"G","FF":0,"LP":"SF","TRP":{"x":182.5,"y":291.85},"M3D":[1.0,0.0,0.0,0.0,0.0,1.0,0.0,0.0,0.0,0.0,1.0,0.0,-170.05,-464.85,0.0,1.0]}}]},{"I":20,"DU":1,"E":[{"SI":{"SN":"Joker/Phase 2/Parts/Head","IN":"","ST":"G","FF":0,"LP":"SF","TRP":{"x":182.5,"y":291.85},"M3D":[1.0,0.0,0.0,0.0,0.0,1.0,0.0,0.0,0.0,0.0,1.0,0.0,-170.05,-464.85,0.0,1.0]}}]},{"I":21,"DU":1,"E":[{"SI":{"SN":"Joker/Phase 2/Parts/Head","IN":"","ST":"G","FF":0,"LP":"SF","TRP":{"x":182.5,"y":291.85},"M3D":[1.0,0.0,0.0,0.0,0.0,1.0,0.0,0.0,0.0,0.0,1.0,0.0,-170.05,-464.85,0.0,1.0]}}]},{"I":22,"DU":1,"E":[{"SI":{"SN":"Joker/Phase 2/Parts/Head","IN":"","ST":"G","FF":0,"LP":"SF","TRP":{"x":182.5,"y":291.85},"M3D":[1.0,0.0,0.0,0.0,0.0,1.0,0.0,0.0,0.0,0.0,1.0,0.0,-170.05,-464.85,0.0,1.0]}}]},{"I":23,"DU":1,"E":[{"SI":{"SN":"Joker/Phase 2/Parts/Head","IN":"","ST":"G","FF":0,"LP":"SF","TRP":{"x":182.5,"y":291.85},"M3D":[1.0,0.0,0.0,0.0,0.0,1.0,0.0,0.0,0.0,0.0,1.0,0.0,-170.05,-464.85,0.0,1.0]}}]},{"I":24,"DU":1,"E":[{"SI":{"SN":"Joker/Phase 2/Parts/Head","IN":"","ST":"G","FF":0,"LP":"SF","TRP":{"x":182.5,"y":291.85},"M3D":[1.0,0.0,0.0,0.0,0.0,1.0,0.0,0.0,0.0,0.0,1.0,0.0,-170.05,-464.85,0.0,1.0]}}]},{"I":25,"DU":1,"E":[{"SI":{"SN":"Joker/Phase 2/Parts/Head","IN":"","ST":"G","FF":0,"LP":"SF","TRP":{"x":182.5,"y":291.85},"M3D":[1.0,0.0,0.0,0.0,0.0,1.0,0.0,0.0,0.0,0.0,1.0,0.0,-170.05,-464.85,0.0,1.0]}}]},{"I":26,"DU":1,"E":[{"SI":{"SN":"Joker/Phase 2/Parts/Head","IN":"","ST":"G","FF":0,"LP":"SF","TRP":{"x":182.5,"y":291.85},"M3D":[1.0,0.0,0.0,0.0,0.0,1.0,0.0,0.0,0.0,0.0,1.0,0.0,-170.05,-464.85,0.0,1.0]}}]},{"I":27,"DU":1,"E":[{"SI":{"SN":"Joker/Phase 2/Parts/Head","IN":"","ST":"G","FF":0,"LP":"SF","TRP":{"x":182.5,"y":291.85},"M3D":[1.0,0.0,0.0,0.0,0.0,1.0,0.0,0.0,0.0,0.0,1.0,0.0,-170.05,-464.85,0.0,1.0]}}]},{"I":28,"DU":1,"E":[{"SI":{"SN":"Joker/Phase 2/Parts/Head","IN":"","ST":"G","FF":0,"LP":"SF","TRP":{"x":182.5,"y":291.85},"M3D":[1.0,0.0,0.0,0.0,0.0,1.0,0.0,0.0,0.0,0.0,1.0,0.0,-170.05,-464.85,0.0,1.0]}}]},{"I":29,"DU":1,"E":[{"SI":{"SN":"Joker/Phase 2/Parts/Head","IN":"","ST":"G","FF":0,"LP":"SF","TRP":{"x":182.5,"y":291.85},"M3D":[1.0,0.0,0.0,0.0,0.0,1.0,0.0,0.0,0.0,0.0,1.0,0.0,-170.05,-464.85,0.0,1.0]}}]},{"I":30,"DU":1,"E":[{"SI":{"SN":"Joker/Phase 2/Parts/Head","IN":"","ST":"G","FF":0,"LP":"SF","TRP":{"x":182.5,"y":291.85},"M3D":[1.0,0.0,0.0,0.0,0.0,1.0,0.0,0.0,0.0,0.0,1.0,0.0,-170.05,-470.25,0.0,1.0]}}]},{"I":31,"DU":1,"E":[{"SI":{"SN":"Joker/Phase 2/Parts/Head","IN":"","ST":"G","FF":0,"LP":"SF","TRP":{"x":182.5,"y":291.85},"M3D":[1.0,0.0,0.0,0.0,0.0,1.0,0.0,0.0,0.0,0.0,1.0,0.0,-170.05,-470.25,0.0,1.0]}}]},{"I":32,"DU":1,"E":[{"SI":{"SN":"Joker/Phase 2/Parts/Head","IN":"","ST":"G","FF":0,"LP":"SF","TRP":{"x":182.5,"y":291.85},"M3D":[1.0,0.0,0.0,0.0,0.0,1.0,0.0,0.0,0.0,0.0,1.0,0.0,-170.05,-470.25,0.0,1.0]}}]},{"I":33,"DU":1,"E":[{"SI":{"SN":"Joker/Phase 2/Parts/Head","IN":"","ST":"G","FF":0,"LP":"SF","TRP":{"x":182.5,"y":291.85},"M3D":[1.0,0.0,0.0,0.0,0.0,1.0,0.0,0.0,0.0,0.0,1.0,0.0,-170.05,-470.25,0.0,1.0]}}]},{"I":34,"DU":1,"E":[{"SI":{"SN":"Joker/Phase 2/Parts/Head","IN":"","ST":"G","FF":0,"LP":"SF","TRP":{"x":182.5,"y":291.85},"M3D":[1.0,0.0,0.0,0.0,0.0,1.0,0.0,0.0,0.0,0.0,1.0,0.0,-170.05,-470.25,0.0,1.0]}}]},{"I":35,"DU":1,"E":[{"SI":{"SN":"Joker/Phase 2/Parts/Head","IN":"","ST":"G