{
"AN": {
"N": "Call Sprites",
"SN": "BamberCompilation",
"TL": {
"L": [
{
"LN": "Layer_1",
"FR": [
{
"I": 0,
"DU": 1,
"E": [
{
"SI": {
"SN": "Bamber/Anims/Idle",
"IN": "",
"ST": "G",
"FF": 14,
"LP": "LP",
"TRP": {
"x": 373.15,
"y": 245.0
},
"M3D": [
1.0,
0.0,
0.0,
0.0,
0.0,
1.0,
0.0,
0.0,
0.0,
0.0,
1.0,
0.0,
-205.0,
471.1,
0.0,
1.0
]
}
},
{
"SI": {
"SN": "Bamber/Anims/Left",
"IN": "",
"ST": "G",
"FF": 0,
"LP": "LP",
"TRP": {
"x": 387.8,
"y": 245.05
},
"M3D": [
1.0,
0.0,
0.0,
0.0,
0.0,
1.0,
0.0,
0.0,
0.0,
0.0,
1.0,
0.0,
-1994.75,
1718.1,
0.0,
1.0
]
}
},
{
"SI": {
"SN": "Bamber/Anims/Death_Start",
"IN": "",
"ST": "G",
"FF": 109,
"LP": "SF",
"TRP": {
"x": 373.15,
"y": 245.0
},
"M3D": [
1.0,
0.0,
0.0,
0.0,
0.0,
1.0,
0.0,
0.0,
0.0,
0.0,
1.0,
0.0,
-2676.7,
466.9,
0.0,
1.0
]
}
},
{
"SI": {
"SN": "Bamber/Anims/Death_Continue",
"IN": "",
"ST": "G",
"FF": 0,
"LP": "SF",
"TRP": {
"x": 398.05,
"y": 245.0
},
"M3D": [
1.0,
0.0,
0.0,
0.0,
0.0,
1.0,
0.0,
0.0,
0.0,
0.0,
1.0,
0.0,
-1983.8,
466.7,
0.0,
1.0
]
}
},
{
"SI": {
"SN": "Bamber/Anims/Death_End",
"IN": "",
"ST": "G",
"FF": 21,
"LP": "SF",
"TRP": {
"x": 373.15,
"y": 245.0
},
"M3D": [
1.0,
0.0,
0.0,
0.0,
0.0,
1.0,
0.0,
0.0,
0.0,
0.0,
1.0,
0.0,
-1299.4,
466.85,
0.0,
1.0
]
}
},
{
"SI": {
"SN": "Bamber/Anims/Down",
"IN": "",
"ST": "G",
"FF": 0,
"LP": "LP",
"TRP": {
"x": 340.6,
"y": 216.60000000000003
},
"M3D": [
1.0,
0.0,
0.0,
0.0,
0.0,
1.0,
0.0,
0.0,
0.0,
0.0,
1.0,
0.0,
-1309.6,
1718.8,
0.0,
1.0
]
}
},
{
"SI": {
"SN": "Bamber/Anims/Right",
"IN": "",
"ST": "G",
"FF": 0,
"LP": "LP",
"TRP": {
"x": 383.95,
"y": 216.60000000000003
},
"M3D": [
1.0,
0.0,
0.0,
0.0,
0.0,
1.0,
0.0,
0.0,
0.0,
0.0,
1.0,
0.0,
-55.5,
1717.0,
0.0,
1.0
]
}
},
{
"SI": {
"SN": "Bamber/Anims/Up",
"IN": "",
"ST": "G",
"FF": 0,
"LP": "LP",
"TRP": {
"x": 416.35,
"y": 232.35
},
"M3D": [
1.0,
0.0,
0.0,
0.0,
0.0,
1.0,
0.0,
0.0,
0.0,
0.0,
1.0,
0.0,
-729.85,
1712.75,
0.0,
1.0
]
}
},
{
"SI": {
"SN": "Bamber/Anims/DMiss",
"IN": "",
"ST": "G",
"FF": 0,
"LP": "LP",
"TRP": {
"x": 536.7,
"y": 569.9
},
"M3D": [
1.0,
0.0,
0.0,
0.0,
0.0,
1.0,
0.0,
0.0,
0.0,
0.0,
1.0,
0.0,
-1309.25,
3054.85,
0.0,
1.0
]
}
},
{
"SI": {
"SN": "Bamber/Anims/LMiss",
"IN": "",
"ST": "G",
"FF": 0,
"LP": "LP",
"TRP": {
"x": 500.85,
"y": 545.95
},
"M3D": [
1.0,
0.0,
0.0,
0.0,
0.0,
1.0,
0.0,
0.0,
0.0,
0.0,
1.0,
0.0,
-1994.75,
3046.4,
0.0,
1.0
]
}
},
{
"SI": {
"SN": "Bamber/Anims/RMiss",
"IN": "",
"ST": "G",
"FF": 0,
"LP": "LP",
"TRP": {
"x": 528.55,
"y": 581.0
},
"M3D": [
1.0,
0.0,
0.0,
0.0,
0.0,
1.0,
0.0,
0.0,
0.0,
0.0,
1.0,
0.0,
-55.25,
3068.05,
0.0,
1.0
]
}
},
{
"SI": {
"SN": "Bamber/Anims/UMiss",
"IN": "",
"ST": "G",
"FF": 0,
"LP": "LP",
"TRP": {
"x": 498.15,
"y": 572.45
},
"M3D": [
1.0,
0.0,
0.0,
0.0,
0.0,
1.0,
0.0,
0.0,
0.0,
0.0,
1.0,
0.0,
-690.05,
3073.05,
0.0,
1.0
]
}
}
]
}
]
}
]
}
},
"SD": {
"S": [
{
"SN": "Bamber/Anims/Idle",
"TL": {
"L": [
{
"LN": "PhoneHand",
"FR": [
{
"I": 0,
"DU": 2,
"E": [
{
"SI": {
"SN": "Bamber/Parts/PhoneHand",
"IN": "",
"ST": "MC",
"TRP": {
"x": 125.35,
"y": 298.1
},
"M3D": [
0.993988037109375,
-0.100067138671875,
0.0,
0.0,
0.100067138671875,
0.993988037109375,
0.0,
0.0,
0.0,
0.0,
1.0,
0.0,
54.7,
-596.85,
0.0,
1.0
]
}
}
]
},
{
"I": 2,
"DU": 2,
"E": [
{
"SI": {
"SN": "Bamber/Parts/PhoneHand",
"IN": "",
"ST": "MC",
"TRP": {
"x": 124.65,
"y": 297.5
},
"M3D": [
0.996826171875,
-0.06964111328125,
0.0,
0.0,
0.06964111328125,
0.996826171875,
0.0,
0.0,
0.0,
0.0,
1.0,
0.0,
87.2,
-615.5,
0.0,
1.0
]
}
}
]
},
{
"I": 4,
"DU": 2,
"E": [
{
"SI": {
"SN": "Bamber/Parts/PhoneHand",
"IN": "",
"ST": "MC",
"TRP": {
"x": 124.1,
"y": 297.0
},
"M3D": [
0.999176025390625,
-0.0268402099609375,
0.0,
0.0,
0.0268402099609375,
0.999176025390625,
0.0,
0.0,
0.0,
0.0,
1.0,
0.0,
102.75,
-628.95,
0.0,
1.0
]
}
}
]
},
{
"I": 6,
"DU": 2,
"E": [
{
"SI": {
"SN": "Bamber/Parts/PhoneHand",
"IN": "",
"ST": "MC",
"TRP": {
"x": 123.25,
"y": 295.95
},
"M3D": [
0.99981689453125,
-0.009613037109375,
0.0,
0.0,
0.009613037109375,
0.99981689453125,
0.0,
0.0,
0.0,
0.0,
1.0,
0.0,
109.4,
-636.4,
0.0,
1.0
]
}
}
]
},
{
"I": 8,
"DU": 6,
"E": [
{
"SI": {
"SN": "Bamber/Parts/PhoneHand",
"IN": "",
"ST": "MC",
"TRP": {
"x": 122.85,
"y": 295.6
},
"M3D": [
1.0,
0.0,
0.0,
0.0,
0.0,
1.0,
0.0,
0.0,
0.0,
0.0,
1.0,
0.0,
108.95,
-635.7,
0.0,
1.0
]
}
}
]
},
{
"I": 14,
"DU": 1,
"E": [
{
"SI": {
"SN": "Bamber/Parts/PhoneHand",
"IN": "",
"ST": "MC",
"TRP": {
"x": 123.3,
"y": 296.05
},
"M3D": [
0.999847412109375,
-0.004638671875,
0.0,
0.0,
0.004638671875,
0.999847412109375,
0.0,
0.0,
0.0,
0.0,
1.0,
0.0,
99.25,
-628.2,
0.0,
1.0
]
}
}
]
}
]
},
{
"LN": "Layer_5",
"FR": [
{
"I": 0,
"DU": 2,
"E": [
{
"ASI": {
"N": "0010",
"M3D": [
1.492523193359375,
0.0,
0.0,
0.0,
0.0,
1.492523193359375,
0.0,
0.0,
0.0,
0.0,
1.0,
0.0,
-156.7,
-641.75,
0.0,
1.0
]
}
}
]
},
{
"I": 2,
"DU": 2,
"E": [
{
"ASI": {
"N": "0011",
"M3D": [
1.492523193359375,
0.0,
0.0,
0.0,
0.0,
1.492523193359375,
0.0,
0.0,
0.0,
0.0,
1.0,
0.0,
-143.25,
-659.65,
0.0,
1.0
]
}
}
]
},
{
"I": 4,
"DU": 2,
"E": [
{
"ASI": {
"N": "0012",
"M3D": [
1.492523193359375,
0.0,
0.0,
0.0,
0.0,
1.492523193359375,
0.0,
0.0,
0.0,
0.0,
1.0,
0.0,
-132.8,
-670.1,
0.0,
1.0
]
}
}
]
},
{
"I": 6,
"DU": 2,
"E": [
{
"ASI": {
"N": "0013",
"M3D": [
1.492523193359375,
0.0,
0.0,
0.0,
0.0,
1.492523193359375,
0.0,
0.0,
0.0,
0.0,
1.0,
0.0,
-126.85,
-673.1,
0.0,
1.0
]
}
}
]
},
{
"I": 8,
"DU": 6,
"E": [
{
"ASI": {
"N": "0014",
"M3D": [
1.492523193359375,
0.0,
0.0,
0.0,
0.0,
1.492523193359375,
0.0,
0.0,
0.0,
0.0,
1.0,
0.0,
-122.35,
-674.6,
0.0,
1.0
]
}
}
]
},
{
"I": 14,
"DU": 1,
"E": [
{
"ASI": {
"N": "0015",
"M3D": [
1.492523193359375,
0.0,
0.0,
0.0,
0.0,
1.492523193359375,
0.0,
0.0,
0.0,
0.0,
1.0,
0.0,
-126.85,
-667.15,
0.0,
1.0
]
}
}
]
}
]
},
{
"LN": "Head",
"FR": [
{
"I": 0,
"DU": 2,
"E": [
{
"SI": {
"SN": "Bamber/Parts/Head",
"IN": "",
"ST": "MC",
"TRP": {
"x": 346.5,
"y": 570.65
},
"M3D": [
0.998046875,
-0.061859130859375,
0.0,
0.0,
0.061859130859375,
0.998046875,
0.0,
0.0,
0.0,
0.0,
1.0,
0.0,
-277.6,
-986.9,
0.0,
1.0
]
}
}
]
},
{
"I": 2,
"DU": 2,
"E": [
{
"SI": {
"SN": "Bamber/Parts/Head",
"IN": "",
"ST": "MC",
"TRP": {
"x": 346.45,
"y": 570.7
},
"M3D": [
0.998748779296875,
-0.0495452880859375,
0.0,
0.0,
0.0495452880859375,
0.998748779296875,
0.0,
0.0,
0.0,
0.0,
1.0,
0.0,
-259.75,
-1007.5,
0.0,
1.0
]
}
}
]
},
{
"I": 4,
"DU": 2,
"E": [
{
"SI": {
"SN": "Bamber/Parts/Head",
"IN": "",
"ST": "MC",
"TRP": {
"x": 346.45,
"y": 570.7
},
"M3D": [
0.99957275390625,
-0.028900146484375,
0.0,
0.0,
0.028900146484375,
0.99957275390625,
0.0,
0.0,
0.0,
0.0,
1.0,
0.0,
-241.55,
-1020.2,
0.0,
1.0
]
}
}
]
},
{
"I": 6,
"DU": 2,
"E": [
{
"SI": {
"SN": "Bamber/Parts/Head",
"IN": "",
"ST": "MC",
"TRP": {
"x": 346.55,
"y": 570.65
},
"M3D": [
0.9999237060546875,
-0.0123443603515625,
0.0,
0.0,
0.0123443603515625,
0.9999237060546875,
0.0,
0.0,
0.0,
0.0,
1.0,
0.0,
-229.45,
-1026.4,
0.0,
1.0
]
}
}
]
},
{
"I": 8,
"DU": 6,
"E": [
{
"SI": {
"SN": "Bamber/Parts/Head",
"IN": "",
"ST": "MC",
"TRP": {
"x": 346.55,
"y": 570.75
},
"M3D": [
1.0,
0.0,
0.0,
0.0,
0.0,
1.0,
0.0,
0.0,
0.0,
0.0,
1.0,
0.0,
-220.85,
-1028.7,
0.0,
1.0
]
}
}
]
},
{
"I": 14,
"DU": 1,
"E": [
{
"SI": {
"SN": "Bamber/Parts/Head",
"IN": "",
"ST": "MC",
"TRP": {
"x": 346.55,
"y": 570.7
},
"M3D": [
0.9999847412109375,
-0.005523681640625,
0.0,
0.0,
0.005523681640625,
0.9999847412109375,
0.0,
0.0,
0.0,
0.0,
1.0,
0.0,
-227.6,
-1020.8,
0.0,
1.0
]
}
}
]
}
]
},
{
"LN": "Body",
"FR": [
{
"I": 0,
"DU": 2,
"E": [
{
"SI": {
"SN": "Bamber/Parts/Body",
"IN": "",
"ST": "MC",
"TRP": {
"x": 192.25,
"y": 480.9
},
"M3D": [
1.0325927734375,
0.0,
0.0,
0.0,
0.0344696044921875,
0.97503662109375,
0.0,
0.0,
0.0,
0.0,
1.0,
0.0,
-225.7,
-454.9,
0.0,
1.0
]
}
}
]
},
{
"I": 2,
"DU": 2,
"E": [
{
"SI": {
"SN": "Bamber/Parts/Body",
"IN": "",
"ST": "MC",
"TRP": {
"x": 192.20000000000003,
"y": 481.0
},
"M3D": [
1.02215576171875,
0.0,
0.0,
0.0,
0.024993896484375,
0.981689453125,
0.0,
0.0,
0.0,
0.0,
1.0,
0.0,
-219.05,
-458.1,
0.0,
1.0
]
}
}
]
},
{
"I": 4,
"DU": 2,
"E": [
{
"SI": {
"SN": "Bamber/Parts/Body",
"IN": "",
"ST": "MC",
"TRP": {
"x": 192.3,
"y": 481.0
},
"M3D": [
1.0170745849609376,
0.0,
0.0,
0.0,
0.01153564453125,
0.9916839599609375,
0.0,
0.0,
0.0,
0.0,
1.0,
0.0,
-211.6,
-462.9,
0.0,
1.0
]
}
}
]
},
{
"I": 6,
"DU": 2,
"E": [
{
"SI": {
"SN": "Bamber/Parts/Body",
"IN": "",
"ST": "MC",
"TRP": {
"x": 192.35,
"y": 480.90000000000006
},
"M3D": [
1.013153076171875,
0.0,
0.0,
0.0,
0.0044403076171875,
0.99615478515625,
0.0,
0.0,
0.0,
0.0,
1.0,
0.0,
-207.45,
-465.05,
0.0,
1.0
]
}
}
]
},
{
"I": 8,
"DU": 6,
"E": [
{
"SI": {
"SN": "Bamber/Parts/Body",
"IN": "",
"ST": "MC",
"TRP": {
"x": 192.2,
"y": 480.9
},
"M3D": [
1.010589599609375,
0.0,
0.0,
0.0,
0.0,
1.0,
0.0,
0.0,
0.0,
0.0,
1.0,
0.0,
-204.85,
-466.9,
0.0,
1.0
]
}
}
]
},
{
"I": 14,
"DU": 1,
"E": [
{
"SI": {
"SN": "Bamber/Parts/Body",
"IN": "",
"ST": "MC",
"TRP": {
"x": 192.15,
"y": 481.0
},
"M3D": [
1.00921630859375,
0.0,
0.0,
0.0,
0.004852294921875,
0.99603271484375,
0.0,
0.0,
0.0,
0.0,
1.0,
0.0,
-206.9,
-464.95,
0.0,
1.0
]
}
}
]
}
]
},
{
"LN": "Layer_3",
"FR": [
{
"I": 0,
"DU": 2,
"E": [
{
"SI": {
"SN": "Bamber/Parts/SideHand",
"IN": "",
"ST": "MC",
"TRP": {
"x": 155.3,
"y": 40.7
},
"M3D": [
0.998870849609375,
-0.046905517578125,
0.0,
0.0,
0.046905517578125,
0.998870849609375,
0.0,
0.0,
0.0,
0.0,
1.0,
0.0,
-240.5,
-233.05,
0.0,
1.0
]
}
}
]
},
{
"I": 2,
"DU": 2,
"E": [
{
"SI": {
"SN": "Bamber/Parts/SideHand",
"IN": "",
"ST": "MC",
"TRP": {
"x": 155.45,
"y": 40.65
},
"M3D": [
0.996978759765625,
-0.0774688720703125,
0.0,
0.0,
0.0774688720703125,
0.996978759765625,
0.0,
0.0,
0.0,
0.0,
1.0,
0.0,
-246.4,
-232.0,
0.0,
1.0
]
}
}
]
},
{
"I": 4,
"DU": 2,
"E": [
{
"SI": {
"SN": "Bamber/Parts/SideHand",
"IN": "",
"ST": "MC",
"TRP": {
"x": 155.45,
"y": 40.7
},
"M3D": [
0.9984588623046875,
-0.055450439453125,
0.0,
0.0,
0.055450439453125,
0.9984588623046875,
0.0,
0.0,
0.0,
0.0,
1.0,
0.0,
-248.35,
-238.95,
0.0,
1.0
]
}
}
]
},
{
"I": 6,
"DU": 2,
"E": [
{
"SI": {
"SN": "Bamber/Parts/SideHand",
"IN": "",
"ST": "MC",
"TRP": {
"x": 155.45000000000003,
"y": 40.65
},
"M3D": [
0.9999237060546875,
-0.0123443603515625,
0.0,
0.0,
0.0123443603515625,
0.9999237060546875,
0.0,
0.0,
0.0,
0.0,
1.0,
0.0,
-247.2,
-251.25,
0.0,
1.0
]
}
}
]
},
{
"I": 8,
"DU": 6,
"E": [
{
"SI": {
"SN": "Bamber/Parts/SideHand",
"IN": "",
"ST": "MC",
"TRP": {
"x": 155.55,
"y": 40.6
},
"M3D": [
1.0,
0.0,
0.0,
0.0,
0.0,
1.0,
0.0,
0.0,
0.0,
0.0,
1.0,
0.0,
-245.8,
-254.1,
0.0,
1.0
]
}
}
]
},
{
"I": 14,
"DU": 1,
"E": [
{
"SI": {
"SN": "Bamber/Parts/SideHand",
"IN": "",
"ST": "MC",
"TRP": {
"x": 155.5,
"y": 40.6
},
"M3D": [
0.99786376953125,
-0.065093994140625,
0.0,
0.0,
0.065093994140625,
0.99786376953125,
0.0,
0.0,
0.0,
0.0,
1.0,
0.0,
-244.8,
-242.3,
0.0,
1.0
]
}
}
]
}
]
}
]
}
},
{
"SN": "Bamber/Parts/PhoneHand",
"TL": {
"L": [
{
"LN": "Layer_2",
"FR": [
{
"I": 0,
"DU": 1,
"E": [
{
"ASI": {
"N": "0009",
"M3D": [
1.492523193359375,
0.0,
0.0,
0.0,
0.0,
1.492523193359375,
0.0,
0.0,
0.0,
0.0,
1.0,
0.0,
0.0,
0.0,
0.0,
1.0
]
}
}
]
}
]
}
]
}
},
{
"SN": "Bamber/Parts/Head",
"TL": {
"L": [
{
"LN": "Layer_2",
"FR": [
{
"I": 0,
"DU": 1,
"E": [
{
"ASI": {
"N": "0016",
"M3D": [
1.4925079345703126,
0.0,
0.0,
0.0,
0.0,
1.4925079345703126,
0.0,
0.0,
0.0,
0.0,
1.0,
0.0,
0.0,
0.0,
0.0,
1.0
]
}
}
]
}
]
}
]
}
},
{
"SN": "Bamber/Parts/Body",
"TL": {
"L": [
{
"LN": "Layer_2",
"FR": [
{
"I": 0,
"DU": 1,
"E": [
{
"ASI": {
"N": "0017",
"M3D": [
1.408935546875,
0.0,
0.0,
0.0,
0.0,
1.408935546875,
0.0,
0.0,
0.0,
0.0,
1.0,
0.0,
0.0,
0.0,
0.0,
1.0
]
}
}
]
}
]
}
]
}
},
{
"SN": "Bamber/Parts/SideHand",
"TL": {
"L": [
{
"LN": "Layer_2",
"FR": [
{
"I": 0,
"DU": 1,
"E": [
{
"ASI": {
"N": "0018",
"M3D": [
1.4925079345703126,
0.0,
0.0,
0.0,
0.0,
1.4925079345703126,
0.0,
0.0,
0.0,
0.0,
1.0,
0.0,
0.0,
0.0,
0.0,
1.0
]
}
}
]
}
]
}
]
}
},
{
"SN": "Bamber/Anims/Left",
"TL": {
"L": [
{
"LN": "PhoneHand",
"FR": [
{
"I": 0,
"DU": 2,
"E": [
{
"SI": {
"SN": "Bamber/Parts/PhoneHand",
"IN": "",
"ST": "MC",
"TRP": {
"x": 123.0,
"y": 295.8
},
"M3D": [
0.9963226318359375,
-0.0812835693359375,
0.0,
0.0,
0.0812835693359375,
0.9963226318359375,
0.0,
0.0,
0.0,
0.0,
1.0,
0.0,
10.95,
-608.65,
0.0,
1.0
]
}
}
]
},
{
"I": 2,
"DU": 2,
"E": [
{
"SI": {
"SN": "Bamber/Parts/PhoneHand",
"IN": "",
"ST": "MC",
"TRP": {
"x": 123.30000000000001,
"y": 296.2
},
"M3D": [
0.99737548828125,
-0.0645294189453125,
0.0,
0.0,
0.0645294189453125,
0.99737548828125,
0.0,
0.0,
0.0,
0.0,
1.0,
0.0,
27.05,
-608.25,
0.0,
1.0
]
}
}
]
},
{
"I": 4,
"DU": 2,
"E": [
{
"SI": {
"SN": "Bamber/Parts/PhoneHand",
"IN": "",
"ST": "MC",
"TRP": {
"x": 123.65,
"y": 296.55
},
"M3D": [
0.998199462890625,
-0.047698974609375,
0.0,
0.0,
0.047698974609375,
0.998199462890625,
0.0,
0.0,
0.0,
0.0,
1.0,
0.0,
44.1,
-610.65,
0.0,
1.0
]
}
}
]
},
{
"I": 6,
"DU": 9,
"E": [
{
"SI": {
"SN": "Bamber/Parts/PhoneHand",
"IN": "",
"ST": "MC",
"TRP": {
"x": 124.25,
"y": 297.3
},
"M3D": [
0.998504638671875,
-0.0356292724609375,
0.0,
0.0,
0.0356292724609375,
0.998504638671875,
0.0,
0.0,
0.0,
0.0,
1.0,
0.0,
53.8,
-614.1,
0.0,
1.0
]
}
}
]
}
]
},
{
"LN": "Layer_5",
"FR": [
{
"I": 0,
"DU": 2,
"E": [
{
"ASI": {
"N": "0019",
"M3D": [
1.492523193359375,
0.0,
0.0,
0.0,
0.0,
1.492523193359375,
0.0,
0.0,
0.0,
0.0,
1.0,
0.0,
-204.45,
-692.5,
0.0,
1.0
]
}
}
]
},
{
"I": 2,
"DU": 2,
"E": [
{
"ASI": {
"N": "0020",
"M3D": [
1.492523193359375,
0.0,
0.0,
0.0,
0.0,
1.492523193359375,
0.0,
0.0,
0.0,
0.0,
1.0,
0.0,
-197.0,
-689.5,
0.0,
1.0
]
}
}
]
},
{
"I": 4,
"DU": 2,
"E": [
{
"ASI": {
"N": "0021",
"M3D": [
1.492523193359375,
0.0,
0.0,
0.0,
0.0,
1.492523193359375,
0.0,
0.0,
0.0,
0.0,
1.0,
0.0,
-188.05,
-686.55,
0.0,
1.0
]
}
}
]
},
{
"I": 6,
"DU": 9,
"E": [
{
"ASI": {
"N": "0022",
"M3D": [
1.492523193359375,
0.0,
0.0,
0.0,
0.0,
1.492523193359375,
0.0,
0.0,
0.0,
0.0,
1.0,
0.0,
-182.05,
-683.55,
0.0,
1.0
]
}
}
]
}
]
},
{
"LN": "Head",
"FR": [
{
"I": 0,
"DU": 2,
"E": [
{
"SI": {
"SN": "Bamber/Parts/Head",
"IN": "",
"ST": "MC",
"TRP": {
"x": 346.5,
"y": 570.7
},
"M3D": [
0.997283935546875,
0.073638916015625,
0.0,
0.0,
-0.073638916015625,
0.997283935546875,
0.0,
0.0,
0.0,
0.0,
1.0,
0.0,
-262.0,
-1049.95,
0.0,
1.0
]
}
}
]
},
{
"I": 2,
"DU": 2,
"E": [
{
"SI": {
"SN": "Bamber/Parts/Head",
"IN": "",
"ST": "MC",
"TRP": {
"x": 346.5,
"y": 570.75
},
"M3D": [
0.9976654052734375,
0.068115234375,
0.0,
0.0,
-0.068115234375,
0.9976654052734375,
0.0,
0.0,
0.0,
0.0,
1.0,
0.0,
-255.65,
-1046.25,
0.0,
1.0
]
}
}
]
},
{
"I": 4,
"DU": 2,
"E": [
{
"SI": {
"SN": "Bamber/Parts/Head",
"IN": "",
"ST": "MC",
"TRP": {
"x": 346.45,
"y": 570.75
},
"M3D": [
0.9981536865234375,
0.060333251953125,
0.0,
0.0,
-0.060333251953125,
0.9981536865234375,
0.0,
0.0,
0.0,
0.0,
1.0,
0.0,
-249.5,
-1043.15,
0.0,
1.0
]
}
}
]
},
{
"I": 6,
"DU": 9,
"E": [
{
"SI": {
"SN": "Bamber/Parts/Head",
"IN": "",
"ST": "MC",
"TRP": {
"x": 346.5,
"y": 570.75
},
"M3D": [
0.9990081787109375,
0.0437774658203125,
0.0,
0.0,
-0.0437774658203125,
0.9990081787109375,
0.0,
0.0,
0.0,
0.0,
1.0,
0.0,
-249.65,
-1038.85,
0.0,
1.0
]
}
}
]
}
]
},
{
"LN": "Body",
"FR": [
{
"I": 0,
"DU": 2,
"E": [
{
"SI": {
"SN": "Bamber/Parts/Body",
"IN": "",
"ST": "MC",
"TRP": {
"x": 192.05,
"y": 480.90000000000006
},
"M3D": [
1.0,
0.0,
0.0,
0.0,
0.116241455078125,
1.0,
0.0,
0.0,
0.0,
0.0,
1.0,
0.0,
-258.15,
-466.75,
0.0,
1.0
]
}
}
]
},
{
"I": 2,
"DU": 2,
"E": [
{
"SI": {
"SN": "Bamber/Parts/Body",
"IN": "",
"ST": "MC",
"TRP": {
"x": 192.0,
"y": 480.90000000000006
},
"M3D": [
1.0,
0.0,
0.0,
0.0,
0.10552978515625,
1.0,
0.0,
0.0,
0.0,
0.0,
1.0,
0.0,
-252.95,
-466.75,
0.0,
1.0
]
}
}
]
},
{
"I": 4,
"DU": 2,
"E": [
{
"SI": {
"SN": "Bamber/Parts/Body",
"IN": "",
"ST": "MC",
"TRP": {
"x": 191.95000000000003,
"y": 480.90000000000006
},
"M3D": [
1.0,
0.0,
0.0,
0.0,
0.0908660888671875,
1.0,
0.0,
0.0,
0.0,
0.0,
1.0,
0.0,
-245.85,
-466.75,
0.0,
1.0
]
}
}
]
},
{
"I": 6,
"DU": 9,
"E": [
{
"SI": {
"SN": "Bamber/Parts/Body",
"IN": "",
"ST": "MC",
"TRP": {
"x": 191.95,
"y": 480.9
},
"M3D": [
1.0,
0.0,
0.0,
0.0,
0.0801544189453125,
1.0,
0.0,
0.0,
0.0,
0.0,
1.0,
0.0,
-240.7,
-466.75,
0.0,
1.0
]
}
}
]
}
]
},
{
"LN": "Layer_3",
"FR": [
{
"I": 0,
"DU": 2,
"E": [
{
"SI": {
"SN": "Bamber/Parts/SideHand",
"IN": "",
"ST": "MC",
"TRP": {
"x": 155.5,
"y": 40.65
},
"M3D": [
0.987152099609375,
-0.1597747802734375,
0.0,
0.0,
0.1597747802734375,
0.987152099609375,
0.0,
0.0,
0.0,
0.0,
1.0,
0.0,
-269.3,
-237.95,
0.0,
1.0
]
}
}
]
},
{
"I": 2,
"DU": 2,
"E": [
{
"SI": {
"SN": "Bamber/Parts/SideHand",
"IN": "",
"ST": "MC",
"TRP": {
"x": 155.5,
"y": 40.7
},
"M3D": [
0.987152099609375,
-0.1597747802734375,
0.0,
0.0,
0.1597747802734375,
0.987152099609375,
0.0,
0.0,
0.0,
0.0,
1.0,
0.0,
-271.25,
-239.5,
0.0,
1.0
]
}
}
]
},
{
"I": 4,
"DU": 2,
"E": [
{
"SI": {
"SN": "Bamber/Parts/SideHand",
"IN": "",
"ST": "MC",
"TRP": {
"x": 155.55,
"y": 40.7
},
"M3D": [
0.987152099609375,
-0.1597747802734375,
0.0,
0.0,
0.1597747802734375,
0.987152099609375,
0.0,
0.0,
0.0,
0.0,
1.0,
0.0,
-270.7,
-242.6,
0.0,
1.0
]
}
}
]
},
{
"I": 6,
"DU": 9,
"E": [
{
"SI": {
"SN": "Bamber/Parts/SideHand",
"IN": "",
"ST": "MC",
"TRP": {
"x": 155.5,
"y": 40.7
},
"M3D": [
0.987152099609375,
-0.1597747802734375,
0.0,
0.0,
0.1597747802734375,
0.987152099609375,
0.0,
0.0,
0.0,
0.0,
1.0,
0.0,
-269.45,
-245.25,
0.0,
1.0
]
}
}
]
}
]
}
]
}
},
{
"SN": "Bamber/Anims/Death_Start",
"TL": {
"L": [
{
"LN": "Layer_2",
"FR": [
{
"I": 0,
"DU": 110,
"E": []
}
]
},
{
"LN": "PhoneHand",
"FR": [
{
"I": 0,
"DU": 1,
"E": [
{
"SI": {
"SN": "Bamber/Parts/PhoneHand_Death",
"IN": "",
"ST": "G",
"FF": 0,
"LP": "SF",
"TRP": {
"x": 122.9,
"y": 295.6
},
"M3D": [
0.9915771484375,
-0.126251220703125,
0.0,
0.0,
0.126251220703125,
0.9915771484375,
0.0,
0.0,
0.0,
0.0,
1.0,
0.0,
102.8,
-630.85,
0.0,
1.0
]
}
}
]
},
{
"I": 1,
"DU": 1,
"E": [
{
"SI": {
"SN": "Bamber/Parts/PhoneHand_Death",
"IN": "",
"ST": "G",
"FF": 0,
"LP": "SF",
"TRP": {
"x": 123.05,
"y": 295.7
},
"M3D": [
0.9786376953125,
-0.2034149169921875,
0.0,
0.0,
0.2034149169921875,
0.9786376953125,
0.0,
0.0,
0.0,
0.0,
1.0,
0.0,
136.85,
-607.8,
0.0,
1.0
]
}
}
]
},
{
"I": 2,
"DU": 1,
"E": [
{
"SI": {
"SN": "Bamber/Parts/PhoneHand_Death",
"IN": "",
"ST": "G",
"FF": 0,
"LP": "SF",
"TRP": {
"x": 123.05,
"y": 295.7
},
"M3D": [
0.9786376953125,
-0.2034149169921875,
0.0,
0.0,
0.2034149169921875,
0.9786376953125,
0.0,
0.0,
0.0,
0.0,
1.0,
0.0,
136.85,
-607.8,
0.0,
1.0
]
}
}
]
},
{
"I": 3,
"DU": 1,
"E": [
{
"SI": {
"SN": "Bamber/Parts/PhoneHand_Death",
"IN": "",
"ST": "G",
"FF": 0,
"LP": "SF",
"TRP": {
"x": 123.0,
"y": 295.7
},
"M3D": [
0.975311279296875,
0.21881103515625,
0.0,
0.0,
-0.21881103515625,
0.975311279296875,
0.0,
0.0,
0.0,
0.0,
1.0,
0.0,
340.2,
-660.3,
0.0,
1.0
]
}
}
]
},
{
"I": 4,
"DU": 1,
"E": [
{
"SI": {
"SN": "Bamber/Parts/PhoneHand_Death",
"IN": "",
"ST": "G",
"FF": 0,
"LP": "SF",
"TRP": {
"x": 123.0,
"y": 295.7
},
"M3D": [
0.975311279296875,
0.21881103515625,
0.0,
0.0,
-0.21881103515625,
0.975311279296875,
0.0,
0.0,
0.0,
0.0,
1.0,
0.0,
340.2,
-660.3,
0.0,
1.0
]
}
}
]
},
{
"I": 5,
"DU": 1,
"E": [
{
"SI": {
"SN": "Bamber/Parts/PhoneHand_Death",
"IN": "",
"ST": "G",
"FF": 0,
"LP": "SF",
"TRP": {
"x": 123.05,
"y": 295.75
},
"M3D": [
0.99322509765625,
0.11212158203125,
0.0,
0.0,
-0.11212158203125,
0.99322509765625,
0.0,
0.0,
0.0,
0.0,
1.0,
0.0,
303.15,
-654.1,
0.0,
1.0
]
}
}
]
},
{
"I": 6,
"DU": 1,
"E": [
{
"SI": {
"SN": "Bamber/Parts/PhoneHand_Death",
"IN": "",
"ST": "G",
"FF": 0,
"LP": "SF",
"TRP": {
"x": 123.05,
"y": 295.75
},
"M3D": [
0.99322509765625,
0.11212158203125,
0.0,
0.0,
-0.11212158203125,
0.99322509765625,
0.0,
0.0,
0.0,
0.0,
1.0,
0.0,
303.15,
-654.1,
0.0,
1.0
]
}
}
]
},
{
"I": 7,
"DU": 1,
"E": [
{
"SI": {
"SN": "Bamber/Parts/PhoneHand_Death",
"IN": "",
"ST": "G",
"FF": 0,
"LP": "SF",
"TRP": {
"x": 123.05,
"y": 295.75
},
"M3D": [
0.99322509765625,
0.11212158203125,
0.0,
0.0,
-0.11212158203125,
0.99322509765625,
0.0,
0.0,
0.0,
0.0,
1.0,
0.0,
303.15,
-654.1,
0.0,
1.0
]
}
}
]
},
{
"I": 8,
"DU": 1,
"E": [
{
"SI": {
"SN": "Bamber/Parts/PhoneHand_Death",
"IN": "",
"ST": "G",
"FF": 0,
"LP": "SF",
"TRP": {
"x": 123.05,
"y": 295.75
},
"M3D": [
0.99322509765625,
0.11212158203125,
0.0,
0.0,
-0.11212158203125,
0.99322509765625,
0.0,
0.0,
0.0,
0.0,
1.0,
0.0,
303.15,
-654.1,
0.0,
1.0
]
}
}
]
},
{
"I": 9,
"DU": 1,
"E": [
{
"SI": {
"SN": "Bamber/Parts/PhoneHand_Death",
"IN": "",
"ST": "G",
"FF": 0,
"LP": "SF",
"TRP": {
"x": 123.05,
"y": 295.75
},
"M3D": [
0.99322509765625,
0.11212158203125,
0.0,
0.0,
-0.11212158203125,
0.99322509765625,
0.0,
0.0,
0.0,
0.0,
1.0,
0.0,
303.15,
-654.1,
0.0,
1.0
]
}
}
]
},
{
"I": 10,
"DU": 1,
"E": [
{
"SI": {
"SN": "Bamber/Parts/PhoneHand_Death",
"IN": "",
"ST": "G",
"FF": 0,
"LP": "SF",
"TRP": {
"x": 123.05,
"y": 295.75
},
"M3D": [
0.99322509765625,
0.11212158203125,
0.0,
0.0,
-0.11212158203125,
0.99322509765625,
0.0,
0.0,
0.0,
0.0,
1.0,
0.0,
303.15,
-654.1,
0.0,
1.0
]
}
}
]
},
{
"I": 11,
"DU": 1,
"E": [
{
"SI": {
"SN": "Bamber/Parts/PhoneHand_Death",
"IN": "",
"ST": "G",
"FF": 0,
"LP": "SF",
"TRP": {
"x": 123.05,
"y": 295.75
},
"M3D": [
0.99322509765625,
0.11212158203125,
0.0,
0.0,
-0.11212158203125,
0.99322509765625,
0.0,
0.0,
0.0,
0.0,
1.0,
0.0,
303.15,
-654.1,
0.0,
1.0
]
}
}
]
},
{
"I": 12,
"DU": 1,
"E": [
{
"SI": {
"SN": "Bamber/Parts/PhoneHand_Death",
"IN": "",
"ST": "G",
"FF": 0,
"LP": "SF",
"TRP": {
"x": 123.05,
"y": 295.75
},
"M3D": [
0.99322509765625,
0.11212158203125,
0.0,
0.0,
-0.11212158203125,
0.99322509765625,
0.0,
0.0,
0.0,
0.0,
1.0,
0.0,
303.15,
-654.1,
0.0,
1.0
]
}
}
]
},
{
"I": 13,
"DU": 1,
"E": [
{
"SI": {
"SN": "Bamber/Parts/PhoneHand_Death",
"IN": "",
"ST": "G",
"FF": 0,
"LP": "SF",
"TRP": {
"x": 123.05,
"y": 295.75
},
"M3D": [
0.99322509765625,
0.11212158203125,
0.0,
0.0,
-0.11212158203125,
0.99322509765625,
0.0,
0.0,
0.0,
0.0,
1.0,
0.0,
303.15,
-654.1,
0.0,
1.0
]
}
}
]
},
{
"I": 14,
"DU": 1,
"E": [
{
"SI": {
"SN": "Bamber/Parts/PhoneHand_Death",
"IN": "",
"ST": "G",
"FF": 0,
"LP": "SF",
"TRP": {
"x": 123.05,
"y": 295.75
},
"M3D": [
0.99322509765625,
0.11212158203125,
0.0,
0.0,
-0.11212158203125,
0.99322509765625,
0.0,
0.0,
0.0,
0.0,
1.0,
0.0,
303.15,
-654.1,
0.0,
1.0
]
}
}
]
},
{
"I": 15,
"DU": 1,
"E": [
{
"SI": {
"SN": "Bamber/Parts/PhoneHand_Death",
"IN": "",
"ST": "G",
"FF": 0,
"LP": "SF",
"TRP": {
"x": 123.05,
"y": 295.75
},
"M3D": [
0.99322509765625,
0.11212158203125,
0.0,
0.0,
-0.11212158203125,
0.99322509765625,
0.0,
0.0,
0.0,
0.0,
1.0,
0.0,
303.15,
-654.1,
0.0,
1.0
]
}
}
]
},
{
"I": 16,
"DU": 1,
"E": [
{
"SI": {
"SN": "Bamber/Parts/PhoneHand_Death",
"IN": "",
"ST": "G",
"FF": 0,
"LP": "SF",
"TRP": {
"x": 123.05,
"y": 295.75
},
"M3D": [
0.99322509765625,
0.11212158203125,
0.0,
0.0,
-0.11212158203125,
0.99322509765625,
0.0,
0.0,
0.0,
0.0,
1.0,
0.0,
303.15,
-654.1,
0.0,
1.0
]
}
}
]
},
{
"I": 17,
"DU": 1,
"E": [
{
"SI": {
"SN": "Bamber/Parts/PhoneHand_Death",
"IN": "",
"ST": "G",
"FF": 0,
"LP": "SF",
"TRP": {
"x": 123.05,
"y": 295.75
},
"M3D": [
0.99322509765625,
0.11212158203125,
0.0,
0.0,
-0.11212158203125,
0.99322509765625,
0.0,
0.0,
0.0,
0.0,
1.0,
0.0,
303.15,
-654.1,
0.0,
1.0
]
}
}
]
},
{
"I": 18,
"DU": 1,
"E": [
{
"SI": {
"SN": "Bamber/Parts/PhoneHand_Death",
"IN": "",
"ST": "G",
"FF": 0,
"LP": "SF",
"TRP": {
"x": 123.05,
"y": 295.75
},
"M3D": [
0.99322509765625,
0.11212158203125,
0.0,
0.0,
-0.11212158203125,
0.99322509765625,
0.0,
0.0,
0.0,
0.0,
1.0,
0.0,
303.15,
-654.1,
0.0,
1.0
]
}
}
]
},
{
"I": 19,
"DU": 1,
"E": [
{
"SI": {
"SN": "Bamber/Parts/PhoneHand_Death",
"IN": "",
"ST": "G",
"FF": 0,
"LP": "SF",
"TRP": {
"x": 123.05,
"y": 295.75
},
"M3D": [
0.99322509765625,
0.11212158203125,
0.0,
0.0,
-0.11212158203125,
0.99322509765625,
0.0,
0.0,
0.0,
0.0,
1.0,
0.0,
303.15,
-654.1,
0.0,
1.0
]
}
}
]
},
{
"I": 20,
"DU": 1,
"E": [
{
"SI": {
"SN": "Bamber/Parts/PhoneHand_Death",
"IN": "",
"ST": "G",
"FF": 0,
"LP": "SF",
"TRP": {
"x": 123.05,
"y": 295.75
},
"M3D": [
0.99322509765625,
0.11212158203125,
0.0,
0.0,
-0.11212158203125,
0.99322509765625,
0.0,
0.0,
0.0,
0.0,
1.0,
0.0,
303.15,
-654.1,
0.0,
1.0
]
}
}
]
},
{
"I": 21,
"DU": 1,
"E": [
{
"SI": {
"SN": "Bamber/Parts/PhoneHand_Death",
"IN": "",
"ST": "G",
"FF": 0,
"LP": "SF",
"TRP": {
"x": 123.05,
"y": 295.75
},
"M3D": [
0.99322509765625,
0.11212158203125,
0.0,
0.0,
-0.11212158203125,
0.99322509765625,
0.0,
0.0,
0.0,
0.0,
1.0,
0.0,
303.15,
-654.1,
0.0,
1.0
]
}
}
]
},
{
"I": 22,
"DU": 1,
"E": [
{
"SI": {
"SN": "Bamber/Parts/PhoneHand_Death",
"IN": "",
"ST": "G",
"FF": 0,
"LP": "SF",
"TRP": {
"x": 123.05,
"y": 295.75
},
"M3D": [
0.99322509765625,
0.11212158203125,
0.0,
0.0,
-0.11212158203125,
0.99322509765625,
0.0,
0.0,
0.0,
0.0,
1.0,
0.0,
303.15,
-654.1,
0.0,
1.0
]
}
}
]
},
{
"I": 23,
"DU": 1,
"E": [
{
"SI": {
"SN": "Bamber/Parts/PhoneHand_Death",
"IN": "",
"ST": "G",
"FF": 0,
"LP": "SF",
"TRP": {
"x": 123.05,
"y": 295.75
},
"M3D": [
0.99322509765625,
0.11212158203125,
0.0,
0.0,
-0.11212158203125,
0.99322509765625,
0.0,
0.0,
0.0,
0.0,
1.0,
0.0,
303.15,
-654.1,
0.0,
1.0
]
}
}
]
},
{
"I": 24,
"DU": 1,
"E": [
{
"SI": {
"SN": "Bamber/Parts/PhoneHand_Death",
"IN": "",
"ST": "G",
"FF": 0,
"LP": "SF",
"TRP": {
"x": 123.05,
"y": 295.75
},
"M3D": [
0.99322509765625,
0.11212158203125,
0.0,
0.0,
-0.11212158203125,
0.99322509765625,
0.0,
0.0,
0.0,
0.0,
1.0,
0.0,
303.15,
-654.1,
0.0,
1.0
]
}
}
]
},
{
"I": 25,
"DU": 1,
"E": [
{
"SI": {
"SN": "Bamber/Parts/PhoneHand_Death",
"IN": "",
"ST": "G",
"FF": 0,
"LP": "SF",
"TRP": {
"x": 123.05,
"y": 295.75
},
"M3D": [
0.99322509765625,
0.11212158203125,
0.0,
0.0,
-0.11212158203125,
0.99322509765625,
0.0,
0.0,
0.0,
0.0,
1.0,
0.0,
303.15,
-654.1,
0.0,
1.0
]
}
}
]
},
{
"I": 26,
"DU": 1,
"E": [
{
"SI": {
"SN": "Bamber/Parts/PhoneHand_Death",
"IN": "",
"ST": "G",
"FF": 0,
"LP": "SF",
"TRP": {
"x": 123.05,
"y": 295.75
},
"M3D": [
0.99322509765625,
0.11212158203125,
0.0,
0.0,
-0.11212158203125,
0.99322509765625,
0.0,
0.0,
0.0,
0.0,
1.0,
0.0,
303.15,
-654.1,
0.0,
1.0
]
}
}
]
},
{
"I": 27,
"DU": 1,
"E": [
{
"SI": {
"SN": "Bamber/Parts/PhoneHand_Death",
"IN": "",
"ST": "G",
"FF": 0,
"LP": "SF",
"TRP": {
"x": 123.05,
"y": 295.75
},
"M3D": [
0.99322509765625,
0.11212158203125,
0.0,
0.0,
-0.11212158203125,
0.99322509765625,
0.0,
0.0,
0.0,
0.0,
1.0,
0.0,
303.15,
-654.1,
0.0,
1.0
]
}
}
]
},
{
"I": 28,
"DU": 1,
"E": [
{
"SI": {
"SN": "Bamber/Parts/PhoneHand_Death",
"IN": "",
"ST": "G",
"FF": 0,
"LP": "SF",
"TRP": {
"x": 123.05,
"y": 295.75
},
"M3D": [
0.99322509765625,
0.11212158203125,
0.0,
0.0,
-0.11212158203125,
0.99322509765625,
0.0,
0.0,
0.0,
0.0,
1.0,
0.0,
303.15,
-654.1,
0.0,
1.0
]
}
}
]
},
{
"I": 29,
"DU": 1,
"E": [
{
"SI": {
"SN": "Bamber/Parts/PhoneHand_Death",
"IN": "",
"ST": "G",
"FF": 0,
"LP": "SF",
"TRP": {
"x": 123.05,
"y": 295.75
},
"M3D": [
0.99322509765625,
0.11212158203125,
0.0,
0.0,
-0.11212158203125,
0.99322509765625,
0.0,
0.0,
0.0,
0.0,
1.0,
0.0,
303.15,
-654.1,
0.0,
1.0
]
}
}
]
},
{
"I": 30,
"DU": 1,
"E": [
{
"SI": {
"SN": "Bamber/Parts/PhoneHand_Death",
"IN": "",
"ST": "G",
"FF": 0,
"LP": "SF",
"TRP": {
"x": 123.05,
"y": 295.75
},
"M3D": [
0.99322509765625,
0.11212158203125,
0.0,
0.0,
-0.11212158203125,
0.99322509765625,
0.0,
0.0,
0.0,
0.0,
1.0,
0.0,
303.15,
-654.1,
0.0,
1.0
]
}
}
]
},
{
"I": 31,
"DU": 1,
"E": [
{
"SI": {
"SN": "Bamber/Parts/PhoneHand_Death",
"IN": "",
"ST": "G",
"FF": 0,
"LP": "SF",
"TRP": {
"x": 123.05,
"y": 295.75
},
"M3D": [
0.99322509765625,
0.11212158203125,
0.0,
0.0,
-0.11212158203125,
0.99322509765625,
0.0,
0.0,
0.0,
0.0,
1.0,
0.0,
303.15,
-654.1,
0.0,
1.0
]
}
}
]
},
{
"I": 32,
"DU": 1,
"E": [
{
"SI": {
"SN": "Bamber/Parts/PhoneHand_Death",
"IN": "",
"ST": "G",
"FF": 0,
"LP": "SF",
"TRP": {
"x": 123.05,
"y": 295.75
},
"M3D": [
0.99322509765625,
0.11212158203125,
0.0,
0.0,
-0.11212158203125,
0.99322509765625,
0.0,
0.0,
0.0,
0.0,
1.0,
0.0,
303.15,
-654.1,
0.0,
1.0
]
}
}
]
},
{
"I": 33,
"DU": 1,
"E": [
{
"SI": {
"SN": "Bamber/Parts/PhoneHand_Death",
"IN": "",
"ST": "G",
"FF": 0,
"LP": "SF",
"TRP": {
"x": 123.05,
"y": 295.75
},
"M3D": [
0.99322509765625,
0.11212158203125,
0.0,
0.0,
-0.11212158203125,
0.99322509765625,
0.0,
0.0,
0.0,
0.0,
1.0,
0.0,
303.15,
-654.1,
0.0,
1.0
]
}
}
]
},
{
"I": 34,
"DU": 1,
"E": [
{
"SI": {
"SN": "Bamber/Parts/PhoneHand_Death",
"IN": "",
"ST": "G",
"FF": 0,
"LP": "SF",
"TRP": {
"x": 123.05,
"y": 295.75
},
"M3D": [
0.99322509765625,
0.11212158203125,
0.0,
0.0,
-0.11212158203125,
0.99322509765625,
0.0,
0.0,
0.0,
0.0,
1.0,
0.0,
303.15,
-654.1,
0.0,
1.0
]
}
}
]
},
{
"I": 35,
"DU": 1,
"E": [
{
"SI": {
"SN": "Bamber/Parts/PhoneHand_Death",
"IN": "",
"ST": "G",
"FF": 0,
"LP": "SF",
"TRP": {
"x": 123.05,
"y": 295.75
},
"M3D": [
0.99322509765625,
0.11212158203125,
0.0,
0.0,
-0.11212158203125,
0.99322509765625,
0.0,
0.0,
0.0,
0.0,
1.0,
0.0,
303.15,
-654.1,
0.0,
1.0
]
}
}
]
},
{
"I": 36,
"DU": 1,
"E": [
{
"SI": {
"SN": "Bamber/Parts/PhoneHand_Death",
"IN": "",
"ST": "G",
"FF": 0,
"LP": "SF",
"TRP": {
"x": 123.05,
"y": 295.75
},
"M3D": [
0.99322509765625,
0.11212158203125,
0.0,
0.0,
-0.11212158203125,
0.99322509765625,
0.0,
0.0,
0.0,
0.0,
1.0,
0.0,
303.15,
-654.1,
0.0,
1.0
]
}
}
]
},
{
"I": 37,
"DU": 1,
"E": [
{
"SI": {
"SN": "Bamber/Parts/PhoneHand_Death",
"IN": "",
"ST": "G",
"FF": 0,
"LP": "SF",
"TRP": {
"x": 123.05,
"y": 295.75
},
"M3D": [
0.99322509765625,
0.11212158203125,
0.0,
0.0,
-0.11212158203125,
0.99322509765625,
0.0,
0.0,
0.0,
0.0,
1.0,
0.0,
303.15,
-654.1,
0.0,
1.0
]
}
}
]
},
{
"I": 38,
"DU": 1,
"E": [
{
"SI": {
"SN": "Bamber/Parts/PhoneHand_Death",
"IN": "",
"ST": "G",
"FF": 0,
"LP": "SF",
"TRP": {
"x": 123.05,
"y": 295.75
},
"M3D": [
0.99322509765625,
0.11212158203125,
0.0,
0.0,
-0.11212158203125,
0.99322509765625,
0.0,
0.0,
0.0,
0.0,
1.0,
0.0,
303.15,
-654.1,
0.0,
1.0
]
}
}
]
},
{
"I": 39,
"DU": 1,
"E": [
{
"SI": {
"SN": "Bamber/Parts/PhoneHand_Death",
"IN": "",
"ST": "G",
"FF": 0,
"LP": "SF",
"TRP": {
"x": 123.05,
"y": 295.75
},
"M3D": [
0.99322509765625,
0.11212158203125,
0.0,
0.0,
-0.11212158203125,
0.99322509765625,
0.0,
0.0,
0.0,
0.0,
1.0,
0.0,
303.15,
-654.1,
0.0,
1.0
]
}
}
]
},
{
"I": 40,
"DU": 1,
"E": [
{
"SI": {
"SN": "Bamber/Parts/PhoneHand_Death",
"IN": "",
"ST": "G",
"FF": 0,
"LP": "SF",
"TRP": {
"x": 123.05,
"y": 295.75
},
"M3D": [
0.99322509765625,
0.11212158203125,
0.0,
0.0,
-0.11212158203125,
0.99322509765625,
0.0,
0.0,
0.0,
0.0,
1.0,
0.0,
303.15,
-654.1,
0.0,
1.0
]
}
}
]
},
{
"I": 41,
"DU": 1,
"E": [
{
"SI": {
"SN": "Bamber/Parts/PhoneHand_Death",
"IN": "",
"ST": "G",
"FF": 0,
"LP": "SF",
"TRP": {
"x": 123.05,
"y": 295.75
},
"M3D": [
0.99322509765625,
0.11212158203125,
0.0,
0.0,
-0.11212158203125,
0.99322509765625,
0.0,
0.0,
0.0,
0.0,
1.0,
0.0,
303.15,
-654.1,
0.0,
1.0
]
}
}
]
},
{
"I": 42,
"DU": 1,
"E": [
{
"SI": {
"SN": "Bamber/Parts/PhoneHand_Death",
"IN": "",
"ST": "G",
"FF": 0,
"LP": "SF",
"TRP": {
"x": 123.05,
"y": 295.75
},
"M3D": [
0.99322509765625,
0.11212158203125,
0.0,
0.0,
-0.11212158203125,
0.99322509765625,
0.0,
0.0,
0.0,
0.0,
1.0,
0.0,
303.15,
-654.1,
0.0,
1.0
]
}
}
]
},
{
"I": 43,
"DU": 1,
"E": [
{
"SI": {
"SN": "Bamber/Parts/PhoneHand_Death",
"IN": "",
"ST": "G",
"FF": 0,
"LP": "SF",
"TRP": {
"x": 123.05,
"y": 295.75
},
"M3D": [
0.99322509765625,
0.11212158203125,
0.0,
0.0,
-0.11212158203125,
0.99322509765625,
0.0,
0.0,
0.0,
0.0,
1.0,
0.0,
303.15,
-654.1,
0.0,
1.0
]
}
}
]
},
{
"I": 44,
"DU": 1,
"E": [
{
"SI": {
"SN": "Bamber/Parts/PhoneHand_Death",
"IN": "",
"ST": "G",
"FF": 0,
"LP": "SF",
"TRP": {
"x": 123.05,
"y": 295.75
},
"M3D": [
0.99322509765625,
0.11212158203125,
0.0,
0.0,
-0.11212158203125,
0.99322509765625,
0.0,
0.0,
0.0,
0.0,
1.0,
0.0,
303.15,
-654.1,
0.0,
1.0
]
}
}
]
},
{
"I": 45,
"DU": 1,
"E": [
{
"SI": {
"SN": "Bamber/Parts/PhoneHand_Death",
"IN": "",
"ST": "G",
"FF": 0,
"LP": "SF",
"TRP": {
"x": 123.05,
"y": 295.75
},
"M3D": [
0.99322509765625,
0.11212158203125,
0.0,
0.0,
-0.11212158203125,
0.99322509765625,
0.0,
0.0,
0.0,
0.0,
1.0,
0.0,
303.15,
-654.1,
0.0,
1.0
]
}
}
]
},
{
"I": 46,
"DU": 1,
"E": [
{
"SI": {
"SN": "Bamber/Parts/PhoneHand_Death",
"IN": "",
"ST": "G",
"FF": 0,
"LP": "SF",
"TRP": {
"x": 123.05,
"y": 295.75
},
"M3D": [
0.99322509765625,
0.11212158203125,
0.0,
0.0,
-0.11212158203125,
0.99322509765625,
0.0,
0.0,
0.0,
0.0,
1.0,
0.0,
303.15,
-654.1,
0.0,
1.0
]
}
}
]
},
{
"I": 47,
"DU": 1,
"E": [
{
"SI": {
"SN": "Bamber/Parts/PhoneHand_Death",
"IN": "",
"ST": "G",
"FF": 0,
"LP": "SF",
"TRP": {
"x": 123.05,
"y": 295.75
},
"M3D": [
0.99322509765625,
0.11212158203125,
0.0,
0.0,
-0.11212158203125,
0.99322509765625,
0.0,
0.0,
0.0,
0.0,
1.0,
0.0,
303.15,
-654.1,
0.0,
1.0
]
}
}
]
},
{
"I": 48,
"DU": 1,
"E": [
{
"SI": {
"SN": "Bamber/Parts/PhoneHand_Death",
"IN": "",
"ST": "G",
"FF": 0,
"LP": "SF",
"TRP": {
"x": 123.05,
"y": 295.75
},
"M3D": [
0.99322509765625,
0.11212158203125,
0.0,
0.0,
-0.11212158203125,
0.99322509765625,
0.0,
0.0,
0.0,
0.0,
1.0,
0.0,
303.15,
-654.1,
0.0,
1.0
]
}
}
]
},
{
"I": 49,
"DU": 1,
"E": [
{
"SI": {
"SN": "Bamber/Parts/PhoneHand_Death",
"IN": "",
"ST": "G",
"FF": 0,
"LP": "SF",
"TRP": {
"x": 123.05,
"y": 295.75
},
"M3D": [
0.99322509765625,
0.11212158203125,
0.0,
0.0,
-0.11212158203125,
0.99322509765625,
0.0,
0.0,
0.0,
0.0,
1.0,
0.0,
303.15,
-654.1,
0.0,
1.0
]
}
}
]
},
{
"I": 50,
"DU": 1,
"E": [
{
"SI": {
"SN": "Bamber/Parts/PhoneHand_Death",
"IN": "",
"ST": "G",
"FF": 0,
"LP": "SF",
"TRP": {
"x": 123.05,
"y": 295.75
},
"M3D": [
0.99322509765625,
0.11212158203125,
0.0,
0.0,
-0.11212158203125,
0.99322509765625,
0.0,
0.0,
0.0,
0.0,
1.0,
0.0,
303.15,
-654.1,
0.0,
1.0
]
}
}
]
},
{
"I": 51,
"DU": 1,
"E": [
{
"SI": {
"SN": "Bamber/Parts/PhoneHand_Death",
"IN": "",
"ST": "G",
"FF": 0,
"LP": "SF",
"TRP": {
"x": 123.05,
"y": 295.75
},
"M3D": [
0.99322509765625,
0.11212158203125,
0.0,
0.0,
-0.11212158203125,
0.99322509765625,
0.0,
0.0,
0.0,
0.0,
1.0,
0.0,
303.15,
-654.1,
0.0,
1.0
]
}
}
]
},
{
"I": 52,
"DU": 1,
"E": [
{
"SI": {
"SN": "Bamber/Parts/PhoneHand_Death",
"IN": "",
"ST": "G",
"FF": 0,
"LP": "SF",
"TRP": {
"x": 123.05,
"y": 295.75
},
"M3D": [
0.99322509765625,
0.11212158203125,
0.0,
0.0,
-0.11212158203125,
0.99322509765625,
0.0,
0.0,
0.0,
0.0,
1.0,
0.0,
303.15,
-654.1,
0.0,
1.0
]
}
}
]
},
{
"I": 53,
"DU": 1,
"E": [
{
"SI": {
"SN": "Bamber/Parts/PhoneHand_Death",
"IN": "",
"ST": "G",
"FF": 0,
"LP": "SF",
"TRP": {
"x": 123.05,
"y": 295.75
},
"M3D": [
0.99322509765625,
0.11212158203125,
0.0,
0.0,
-0.11212158203125,
0.99322509765625,
0.0,
0.0,
0.0,
0.0,
1.0,
0.0,
303.15,
-654.1,
0.0,
1.0
]
}
}
]
},
{
"I": 54,
"DU": 1,
"E": [
{
"SI": {
"SN": "Bamber/Parts/PhoneHand_Death",
"IN": "",
"ST": "G",
"FF": 0,
"LP": "SF",
"TRP": {
"x": 123.05,
"y": 295.75
},
"M3D": [
0.99322509765625,
0.11212158203125,
0.0,
0.0,
-0.11212158203125,
0.99322509765625,
0.0,
0.0,
0.0,
0.0,
1.0,
0.0,
303.15,
-654.1,
0.0,
1.0
]
}
}
]
},
{
"I": 55,
"DU": 1,
"E": [
{
"SI": {
"SN": "Bamber/Parts/PhoneHand_Death",
"IN": "",
"ST": "G",
"FF": 0,
"LP": "SF",
"TRP": {
"x": 123.05,
"y": 295.75
},
"M3D": [
0.99322509765625,
0.11212158203125,
0.0,
0.0,
-0.11212158203125,
0.99322509765625,
0.0,
0.0,
0.0,
0.0,
1.0,
0.0,
303.15,
-654.1,
0.0,
1.0
]
}
}
]
},
{
"I": 56,
"DU": 1,
"E": [
{
"SI": {
"SN": "Bamber/Parts/PhoneHand_Death",
"IN": "",
"ST": "G",
"FF": 0,
"LP": "SF",
"TRP": {
"x": 123.05,
"y": 295.75
},
"M3D": [
0.99322509765625,
0.11212158203125,
0.0,
0.0,
-0.11212158203125,
0.99322509765625,
0.0,
0.0,
0.0,
0.0,
1.0,
0.0,
303.15,
-654.1,
0.0,
1.0
]
}
}
]
},
{
"I": 57,
"DU": 1,
"E": [
{
"SI": {
"SN": "Bamber/Parts/PhoneHand_Death",
"IN": "",
"ST": "G",
"FF": 0,
"LP": "SF",
"TRP": {
"x": 123.05,
"y": 295.75
},
"M3D": [
0.99322509765625,
0.11212158203125,
0.0,
0.0,
-0.11212158203125,
0.99322509765625,
0.0,
0.0,
0.0,
0.0,
1.0,
0.0,
303.15,
-654.1,
0.0,
1.0
]
}
}
]
},
{
"I": 58,
"DU": 1,
"E": [
{
"SI": {
"SN": "Bamber/Parts/PhoneHand_Death",
"IN": "",
"ST": "G",
"FF": 0,
"LP": "SF",
"TRP": {
"x": 123.05,
"y": 295.75
},
"M3D": [
0.99322509765625,
0.11212158203125,
0.0,
0.0,
-0.11212158203125,
0.99322509765625,
0.0,
0.0,
0.0,
0.0,
1.0,
0.0,
303.15,
-654.1,
0.0,
1.0
]
}
}
]
},
{
"I": 59,
"DU": 1,
"E": [
{
"SI": {
"SN": "Bamber/Parts/PhoneHand_Death",
"IN": "",
"ST": "G",
"FF": 0,
"LP": "SF",
"TRP": {
"x": 123.05,
"y": 295.75
},
"M3D": [
0.99322509765625,
0.11212158203125,
0.0,
0.0,
-0.11212158203125,
0.99322509765625,
0.0,
0.0,
0.0,
0.0,
1.0,
0.0,
303.15,
-654.1,
0.0,
1.0
]
}
}
]
},
{
"I": 60,
"DU": 1,
"E": [
{
"SI": {
"SN": "Bamber/Parts/PhoneHand_Death",
"IN": "",
"ST": "G",
"FF": 0,
"LP": "SF",
"TRP": {
"x": 123.05,
"y": 295.75
},
"M3D": [
0.99322509765625,
0.11212158203125,
0.0,
0.0,
-0.11212158203125,
0.99322509765625,
0.0,
0.0,
0.0,
0.0,
1.0,
0.0,
303.15,
-654.1,
0.0,
1.0
]
}
}
]
},
{
"I": 61,
"DU": 1,
"E": [
{
"SI": {
"SN": "Bamber/Parts/PhoneHand_Death",
"IN": "",
"ST": "G",
"FF": 0,
"LP": "SF",
"TRP": {
"x": 123.05,
"y": 295.75
},
"M3D": [
0.99322509765625,
0.11212158203125,
0.0,
0.0,
-0.11212158203125,
0.99322509765625,
0.0,
0.0,
0.0,
0.0,
1.0,
0.0,
303.15,
-654.1,
0.0,
1.0
]
}
}
]
},
{
"I": 62,
"DU": 1,
"E": [
{
"SI": {
"SN": "Bamber/Parts/PhoneHand_Death",
"IN": "",
"ST": "G",
"FF": 0,
"LP": "SF",
"TRP": {
"x": 123.05,
"y": 295.75
},
"M3D": [
0.99322509765625,
0.11212158203125,
0.0,
0.0,
-0.11212158203125,
0.99322509765625,
0.0,
0.0,
0.0,
0.0,
1.0,
0.0,
303.15,
-654.1,
0.0,
1.0
]
}
}
]
},
{
"I": 63,
"DU": 1,
"E": [
{
"SI": {
"SN": "Bamber/Parts/PhoneHand_Death",
"IN": "",
"ST": "G",
"FF": 0,
"LP": "SF",
"TRP": {
"x": 123.05,
"y": 295.75
},
"M3D": [
0.99322509765625,
0.11212158203125,
0.0,
0.0,
-0.11212158203125,
0.99322509765625,
0.0,
0.0,
0.0,
0.0,
1.0,
0.0,
303.15,
-654.1,
0.0,
1.0
]
}
}
]
},
{
"I": 64,
"DU": 1,
"E": [
{
"SI": {
"SN": "Bamber/Parts/PhoneHand_Death",
"IN": "",
"ST": "G",
"FF": 1,
"LP": "SF",
"TRP": {
"x": 123.15,
"y": 295.8
},
"M3D": [
0.977203369140625,
0.21002197265625,
0.0,
0.0,
-0.21002197265625,
0.977203369140625,
0.0,
0.0,
0.0,
0.0,
1.0,
0.0,
337.45,
-480.9,
0.0,
1.0
]
}
}
]
},
{
"I": 65,
"DU": 1,
"E": [
{
"SI": {
"SN": "Bamber/Parts/PhoneHand_Death",
"IN": "",
"ST": "G",
"FF": 1,
"LP": "SF",
"TRP": {
"x": 123.15,
"y": 295.8
},
"M3D": [
0.977203369140625,
0.21002197265625,
0.0,
0.0,
-0.21002197265625,
0.977203369140625,
0.0,
0.0,
0.0,
0.0,
1.0,
0.0,
337.45,
-480.9,
0.0,
1.0
]
}
}
]
},
{
"I": 66,
"DU": 1,
"E": [
{
"SI": {
"SN": "Bamber/Parts/PhoneHand_Death",
"IN": "",
"ST": "G",
"FF": 1,
"LP": "SF",
"TRP": {
"x": 123.05,
"y": 295.75
},
"M3D": [
0.99322509765625,
0.11212158203125,
0.0,
0.0,
-0.11212158203125,
0.99322509765625,
0.0,
0.0,
0.0,
0.0,
1.0,
0.0,
300.2,
-492.8,
0.0,
1.0
]
}
}
]
},
{
"I": 67,
"DU": 1,
"E": [
{
"SI": {
"SN": "Bamber/Parts/PhoneHand_Death",
"IN": "",
"ST": "G",
"FF": 1,
"LP": "SF",
"TRP": {
"x": 123.05,
"y": 295.75
},
"M3D": [
0.99322509765625,
0.11212158203125,
0.0,
0.0,
-0.11212158203125,
0.99322509765625,
0.0,
0.0,
0.0,
0.0,
1.0,
0.0,
300.2,
-492.8,
0.0,
1.0
]
}
}
]
},
{
"I": 68,
"DU": 1,
"E": [
{
"SI": {
"SN": "Bamber/Parts/PhoneHand_Death",
"IN": "",
"ST": "G",
"FF": 1,
"LP": "SF",
"TRP": {
"x": 123.05,
"y": 295.75
},
"M3D": [
0.99322509765625,
0.11212158203125,
0.0,
0.0,
-0.11212158203125,
0.99322509765625,
0.0,
0.0,
0.0,
0.0,
1.0,
0.0,
300.2,
-492.8,
0.0,
1.0
]
}
}
]
},
{
"I": 69,
"DU": 1,
"E": [
{
"SI": {
"SN": "Bamber/Parts/PhoneHand_Death",
"IN": "",
"ST": "G",
"FF": 1,
"LP": "SF",
"TRP": {
"x": 123.05,
"y": 295.75
},
"M3D": [
0.99322509765625,
0.11212158203125,
0.0,
0.0,
-0.11212158203125,
0.99322509765625,
0.0,
0.0,
0.0,
0.0,
1.0,
0.0,
300.2,
-492.8,
0.0,
1.0
]
}
}
]
},
{
"I": 70,
"DU": 1,
"E": [
{
"SI": {
"SN": "Bamber/Parts/PhoneHand_Death",
"IN": "",
"ST": "G",
"FF": 1,
"LP": "SF",
"TRP": {
"x": 123.05,
"y": 295.75
},
"M3D": [
0.99322509765625,
0.11212158203125,
0.0,
0.0,
-0.11212158203125,
0.99322509765625,
0.0,
0.0,
0.0,
0.0,
1.0,
0.0,
300.2,
-492.8,
0.0,
1.0
]
}
}
]
},
{
"I": 71,
"DU": 1,
"E": [
{
"SI": {
"SN": "Bamber/Parts/PhoneHand_Death",
"IN": "",
"ST": "G",
"FF": 1,
"LP": "SF",
"TRP": {
"x": 123.05,
"y": 295.75
},
"M3D": [
0.99322509765625,
0.11212158203125,
0.0,
0.0,
-0.11212158203125,
0.99322509765625,
0.0,
0.0,
0.0,
0.0,
1.0,
0.0,
300.2,
-492.8,
0.0,
1.0
]
}
}
]
},
{
"I": 72,
"DU": 1,
"E": [
{
"SI": {
"SN": "Bamber/Parts/PhoneHand_Death",
"IN": "",
"ST": "G",
"FF": 1,
"LP": "SF",
"TRP": {
"x": 123.05,
"y": 295.75
},
"M3D": [
0.99322509765625,
0.11212158203125,
0.0,
0.0,
-0.11212158203125,
