{
"AN": {
"N": "Bamber - H2O",
"SN": "BamberoExporto",
"TL": {
"L": [
{
"LN": "Layer_1",
"FR": [
{
"I": 0,
"DU": 1,
"E": [
{
"SI": {
"SN": "Anims/MUp",
"IN": "",
"ST": "G",
"FF": 0,
"LP": "LP",
"TRP": {
"x": 176.05,
"y": 166.20000000000003
},
"M3D": [
1.0,
0.0,
0.0,
0.0,
0.0,
1.0,
0.0,
0.0,
0.0,
0.0,
1.0,
0.0,
1142.7,
802.7,
0.0,
1.0
]
}
},
{
"SI": {
"SN": "Anims/MRight",
"IN": "",
"ST": "G",
"FF": 0,
"LP": "LP",
"TRP": {
"x": 176.05,
"y": 166.20000000000003
},
"M3D": [
1.0,
0.0,
0.0,
0.0,
0.0,
1.0,
0.0,
0.0,
0.0,
0.0,
1.0,
0.0,
1573.2,
790.45,
0.0,
1.0
]
}
},
{
"SI": {
"SN": "Anims/Idle",
"IN": "",
"ST": "G",
"FF": 0,
"LP": "LP",
"TRP": {
"x": 176.05,
"y": 166.20000000000003
},
"M3D": [
1.0,
0.0,
0.0,
0.0,
0.0,
1.0,
0.0,
0.0,
0.0,
0.0,
1.0,
0.0,
222.3,
331.05,
0.0,
1.0
]
}
},
{
"SI": {
"SN": "Anims/Up",
"IN": "",
"ST": "G",
"FF": 0,
"LP": "LP",
"TRP": {
"x": 176.05,
"y": 166.20000000000003
},
"M3D": [
1.0,
0.0,
0.0,
0.0,
0.0,
1.0,
0.0,
0.0,
0.0,
0.0,
1.0,
0.0,
1142.7,
1222.6,
0.0,
1.0
]
}
},
{
"SI": {
"SN": "Anims/Left",
"IN": "",
"ST": "G",
"FF": 0,
"LP": "LP",
"TRP": {
"x": 176.05,
"y": 166.20000000000003
},
"M3D": [
1.0,
0.0,
0.0,
0.0,
0.0,
1.0,
0.0,
0.0,
0.0,
0.0,
1.0,
0.0,
306.2,
784.4,
0.0,
1.0
]
}
},
{
"SI": {
"SN": "Anims/Right",
"IN": "",
"ST": "G",
"FF": 0,
"LP": "LP",
"TRP": {
"x": 176.05,
"y": 166.20000000000003
},
"M3D": [
1.0,
0.0,
0.0,
0.0,
0.0,
1.0,
0.0,
0.0,
0.0,
0.0,
1.0,
0.0,
1573.2,
1220.85,
0.0,
1.0
]
}
},
{
"SI": {
"SN": "Anims/Down",
"IN": "",
"ST": "G",
"FF": 0,
"LP": "LP",
"TRP": {
"x": 176.05,
"y": 166.20000000000003
},
"M3D": [
1.0,
0.0,
0.0,
0.0,
0.0,
1.0,
0.0,
0.0,
0.0,
0.0,
1.0,
0.0,
727.55,
788.0,
0.0,
1.0
]
}
},
{
"SI": {
"SN": "Anims/MLeft",
"IN": "",
"ST": "G",
"FF": 0,
"LP": "LP",
"TRP": {
"x": 176.05,
"y": 166.20000000000003
},
"M3D": [
1.0,
0.0,
0.0,
0.0,
0.0,
1.0,
0.0,
0.0,
0.0,
0.0,
1.0,
0.0,
306.2,
1207.3,
0.0,
1.0
]
}
},
{
"SI": {
"SN": "Anims/MDown",
"IN": "",
"ST": "G",
"FF": 0,
"LP": "LP",
"TRP": {
"x": 176.05,
"y": 166.20000000000003
},
"M3D": [
1.0,
0.0,
0.0,
0.0,
0.0,
1.0,
0.0,
0.0,
0.0,
0.0,
1.0,
0.0,
738.0,
1214.9,
0.0,
1.0
]
}
},
{
"SI": {
"SN": "Anims/Bamber Death Start",
"IN": "",
"ST": "G",
"FF": 0,
"LP": "LP",
"TRP": {
"x": 176.05,
"y": 166.20000000000003
},
"M3D": [
1.0,
0.0,
0.0,
0.0,
0.0,
1.0,
0.0,
0.0,
0.0,
0.0,
1.0,
0.0,
105.25,
1823.7,
0.0,
1.0
]
}
},
{
"SI": {
"SN": "Anims/Bamber Death Loop",
"IN": "",
"ST": "G",
"FF": 0,
"LP": "LP",
"TRP": {
"x": 176.05,
"y": 166.20000000000003
},
"M3D": [
1.0,
0.0,
0.0,
0.0,
0.0,
1.0,
0.0,
0.0,
0.0,
0.0,
1.0,
0.0,
504.55,
1825.25,
0.0,
1.0
]
}
},
{
"SI": {
"SN": "Anims/Bamber Death End",
"IN": "",
"ST": "G",
"FF": 0,
"LP": "LP",
"TRP": {
"x": 176.05,
"y": 166.20000000000003
},
"M3D": [
1.0,
0.0,
0.0,
0.0,
0.0,
1.0,
0.0,
0.0,
0.0,
0.0,
1.0,
0.0,
891.35,
1825.25,
0.0,
1.0
]
}
}
]
}
]
}
]
}
},
"SD": {
"S": [
{
"SN": "Anims/MUp",
"TL": {
"L": [
{
"LN": "Layer_17",
"FR": [
{
"I": 0,
"DU": 1,
"E": [
{
"SI": {
"SN": "Parts/FrontMic",
"IN": "",
"ST": "MC",
"TRP": {
"x": 88.60000000000001,
"y": 116.30000000000001
},
"M3D": [
-0.2342987060546875,
0.972137451171875,
0.0,
0.0,
-0.972137451171875,
-0.2342987060546875,
0.0,
0.0,
0.0,
0.0,
1.0,
0.0,
-1.95,
-166.25,
0.0,
1.0
]
}
}
]
},
{
"I": 1,
"DU": 22,
"E": []
}
]
},
{
"LN": "Layer_12",
"FR": [
{
"I": 0,
"DU": 1,
"E": [
{
"SI": {
"SN": "Parts/UpFace",
"IN": "",
"ST": "G",
"FF": 0,
"LP": "PO",
"TRP": {
"x": 100.35000000000001,
"y": 50.25
},
"M3D": [
0.977630615234375,
0.204254150390625,
0.0,
0.0,
-0.204254150390625,
0.977630615234375,
0.0,
0.0,
0.0,
0.0,
1.0,
0.0,
-77.85,
-278.75,
0.0,
1.0
]
}
}
]
},
{
"I": 1,
"DU": 22,
"E": []
}
]
},
{
"LN": "Layer_14",
"FR": [
{
"I": 0,
"DU": 1,
"E": [
{
"SI": {
"SN": "Parts/UpHand",
"IN": "",
"ST": "MC",
"TRP": {
"x": 35.6,
"y": 23.25
},
"M3D": [
0.99432373046875,
0.10546875,
0.0,
0.0,
0.10546875,
-0.99432373046875,
0.0,
0.0,
0.0,
0.0,
1.0,
0.0,
100.05,
-243.35,
0.0,
1.0
]
}
}
]
},
{
"I": 1,
"DU": 2,
"E": [
{
"ASI": {
"N": "0028",
"M3D": [
1.0,
0.0,
0.0,
0.0,
0.0,
1.0,
0.0,
0.0,
0.0,
0.0,
1.0,
0.0,
101.0,
-376.0,
0.0,
1.0
]
}
}
]
},
{
"I": 3,
"DU": 21,
"E": [
{
"ASI": {
"N": "0029",
"M3D": [
1.0,
0.0,
0.0,
0.0,
0.0,
1.0,
0.0,
0.0,
0.0,
0.0,
1.0,
0.0,
99.0,
-389.0,
0.0,
1.0
]
}
}
]
}
]
},
{
"LN": "UpOurp",
"FR": [
{
"I": 0,
"DU": 1,
"E": [
{
"SI": {
"SN": "Parts/Head",
"IN": "",
"ST": "MC",
"TRP": {
"x": 151.15,
"y": 193.10000000000003
},
"M3D": [
0.9783935546875,
0.20654296875,
0.0,
0.0,
-0.20654296875,
0.9783935546875,
0.0,
0.0,
0.0,
0.0,
1.0,
0.0,
-78.05,
-379.75,
0.0,
1.0
]
}
}
]
},
{
"I": 1,
"DU": 2,
"E": [
{
"ASI": {
"N": "0000",
"M3D": [
1.0,
0.0,
0.0,
0.0,
0.0,
1.0,
0.0,
0.0,
0.0,
0.0,
1.0,
0.0,
-187.0,
-347.0,
0.0,
1.0
]
}
}
]
},
{
"I": 3,
"DU": 21,
"E": [
{
"ASI": {
"N": "0001",
"M3D": [
1.0,
0.0,
0.0,
0.0,
0.0,
1.0,
0.0,
0.0,
0.0,
0.0,
1.0,
0.0,
-183.0,
-358.0,
0.0,
1.0
]
}
}
]
}
]
},
{
"LN": "Head",
"FR": [
{
"I": 0,
"DU": 1,
"E": [
{
"SI": {
"SN": "Parts/IdleBody",
"IN": "",
"ST": "MC",
"TRP": {
"x": 77.10000000000001,
"y": 156.85
},
"M3D": [
0.8594207763671875,
0.0,
0.0,
0.0,
-0.097747802734375,
1.23858642578125,
0.0,
0.0,
0.0,
0.0,
1.0,
0.0,
-49.85,
-193.0,
0.0,
1.0
]
}
}
]
}
]
}
]
}
},
{
"SN": "Parts/FrontMic",
"TL": {
"L": [
{
"LN": "Layer_2",
"FR": [
{
"I": 0,
"DU": 1,
"E": [
{
"ASI": {
"N": "0026",
"M3D": [
1.0,
0.0,
0.0,
0.0,
0.0,
1.0,
0.0,
0.0,
0.0,
0.0,
1.0,
0.0,
0.0,
0.0,
0.0,
1.0
]
}
}
]
}
]
}
]
}
},
{
"SN": "Parts/UpFace",
"TL": {
"L": [
{
"LN": "Layer_2",
"FR": [
{
"I": 0,
"DU": 2,
"E": [
{
"ASI": {
"N": "0031",
"M3D": [
1.0,
0.0,
0.0,
0.0,
0.0,
1.0,
0.0,
0.0,
0.0,
0.0,
1.0,
0.0,
24.0,
-46.0,
0.0,
1.0
]
}
}
]
},
{
"I": 2,
"DU": 2,
"E": [
{
"ASI": {
"N": "0032",
"M3D": [
1.0,
0.0,
0.0,
0.0,
0.0,
1.0,
0.0,
0.0,
0.0,
0.0,
1.0,
0.0,
30.0,
-24.0,
0.0,
1.0
]
}
}
]
}
]
}
]
}
},
{
"SN": "Parts/UpHand",
"TL": {
"L": [
{
"LN": "Layer_3",
"FR": [
{
"I": 0,
"DU": 1,
"E": [
{
"ASI": {
"N": "0027",
"M3D": [
1.0,
0.0,
0.0,
0.0,
0.0,
1.0,
0.0,
0.0,
0.0,
0.0,
1.0,
0.0,
4.0,
-3.0,
0.0,
1.0
]
}
}
]
}
]
}
]
}
},
{
"SN": "Parts/Head",
"TL": {
"L": [
{
"LN": "Layer_10",
"FR": [
{
"I": 0,
"DU": 26,
"E": [
{
"ASI": {
"N": "0033",
"M3D": [
0.9999847412109375,
0.0,
0.0,
0.0,
0.0,
0.9999847412109375,
0.0,
0.0,
0.0,
0.0,
1.0,
0.0,
0.0,
0.0,
0.0,
1.0
]
}
}
]
}
]
}
]
}
},
{
"SN": "Parts/IdleBody",
"TL": {
"L": [
{
"LN": "Layer_2",
"FR": [
{
"I": 0,
"DU": 1,
"E": [
{
"ASI": {
"N": "0030",
"M3D": [
0.8048553466796875,
0.0,
0.0,
0.0,
0.0,
0.8048553466796875,
0.0,
0.0,
0.0,
0.0,
1.0,
0.0,
0.0,
0.0,
0.0,
1.0
]
}
}
]
}
]
}
]
}
},
{
"SN": "Anims/MRight",
"TL": {
"L": [
{
"LN": "Layer_17",
"FR": [
{
"I": 0,
"DU": 1,
"E": [
{
"SI": {
"SN": "Parts/FrontMic",
"IN": "",
"ST": "MC",
"TRP": {
"x": 88.55,
"y": 116.2
},
"M3D": [
-0.45977783203125,
0.887969970703125,
0.0,
0.0,
-0.887969970703125,
-0.45977783203125,
0.0,
0.0,
0.0,
0.0,
1.0,
0.0,
41.45,
-100.3,
0.0,
1.0
]
}
}
]
},
{
"I": 1,
"DU": 23,
"E": []
}
]
},
{
"LN": "Layer_12",
"FR": [
{
"I": 0,
"DU": 1,
"E": [
{
"SI": {
"SN": "Parts/RightFace",
"IN": "",
"ST": "G",
"FF": 0,
"LP": "PO",
"TRP": {
"x": 103.30000000000001,
"y": 52.85
},
"M3D": [
0.995513916015625,
-0.079315185546875,
0.0,
0.0,
0.079315185546875,
0.995513916015625,
0.0,
0.0,
0.0,
0.0,
1.0,
0.0,
-56.25,
-196.05,
0.0,
1.0
]
}
}
]
},
{
"I": 1,
"DU": 23,
"E": []
}
]
},
{
"LN": "Head",
"FR": [
{
"I": 0,
"DU": 1,
"E": [
{
"SI": {
"SN": "Parts/Head",
"IN": "",
"ST": "MC",
"TRP": {
"x": 151.20000000000003,
"y": 193.15
},
"M3D": [
0.996551513671875,
-0.0822601318359375,
0.0,
0.0,
0.0822601318359375,
0.996551513671875,
0.0,
0.0,
0.0,
0.0,
1.0,
0.0,
-93.15,
-300.7,
0.0,
1.0
]
}
}
]
},
{
"I": 1,
"DU": 2,
"E": [
{
"ASI": {
"N": "0028",
"M3D": [
1.0,
0.0,
0.0,
0.0,
0.0,
1.0,
0.0,
0.0,
0.0,
0.0,
1.0,
0.0,
98.3,
-361.5,
0.0,
1.0
]
}
}
]
},
{
"I": 3,
"DU": 21,
"E": [
{
"ASI": {
"N": "0029",
"M3D": [
1.0,
0.0,
0.0,
0.0,
0.0,
1.0,
0.0,
0.0,
0.0,
0.0,
1.0,
0.0,
113.95,
-361.9,
0.0,
1.0
]
}
}
]
}
]
},
{
"LN": "Layer_14",
"FR": [
{
"I": 0,
"DU": 1,
"E": [
{
"SI": {
"SN": "Parts/RightHand",
"IN": "",
"ST": "MC",
"TRP": {
"x": 127.95,
"y": 16.35
},
"M3D": [
0.9937591552734375,
0.110870361328125,
0.0,
0.0,
-0.110870361328125,
0.9937591552734375,
0.0,
0.0,
0.0,
0.0,
1.0,
0.0,
25.5,
-104.35,
0.0,
1.0
]
}
}
]
},
{
"I": 1,
"DU": 2,
"E": [
{
"ASI": {
"N": "0002",
"M3D": [
1.0,
0.0,
0.0,
0.0,
0.0,
1.0,
0.0,
0.0,
0.0,
0.0,
1.0,
0.0,
-159.0,
-309.0,
0.0,
1.0
]
}
}
]
},
{
"I": 3,
"DU": 21,
"E": [
{
"ASI": {
"N": "0003",
"M3D": [
1.0,
0.0,
0.0,
0.0,
0.0,
1.0,
0.0,
0.0,
0.0,
0.0,
1.0,
0.0,
-154.0,
-309.0,
0.0,
1.0
]
}
}
]
}
]
},
{
"LN": "Layer_11",
"FR": [
{
"I": 0,
"DU": 1,
"E": [
{
"SI": {
"SN": "Parts/SideBody",
"IN": "",
"ST": "MC",
"TRP": {
"x": 77.05,
"y": 156.65
},
"M3D": [
1.0,
0.0,
0.0,
0.0,
-0.3404388427734375,
1.0,
0.0,
0.0,
0.0,
0.0,
1.0,
0.0,
-3.95,
-155.2,
0.0,
1.0
]
}
}
]
}
]
}
]
}
},
{
"SN": "Parts/RightFace",
"TL": {
"L": [
{
"LN": "Layer_2",
"FR": [
{
"I": 0,
"DU": 2,
"E": [
{
"ASI": {
"N": "0036",
"M3D": [
1.0,
0.0,
0.0,
0.0,
0.0,
1.0,
0.0,
0.0,
0.0,
0.0,
1.0,
0.0,
-4.0,
0.0,
0.0,
1.0
]
}
}
]
},
{
"I": 2,
"DU": 2,
"E": [
{
"ASI": {
"N": "0037",
"M3D": [
1.0,
0.0,
0.0,
0.0,
0.0,
1.0,
0.0,
0.0,
0.0,
0.0,
1.0,
0.0,
-3.0,
26.0,
0.0,
1.0
]
}
}
]
}
]
}
]
}
},
{
"SN": "Parts/RightHand",
"TL": {
"L": [
{
"LN": "Layer_3",
"FR": [
{
"I": 0,
"DU": 1,
"E": [
{
"ASI": {
"N": "0034",
"M3D": [
1.0,
0.0,
0.0,
0.0,
0.0,
1.0,
0.0,
0.0,
0.0,
0.0,
1.0,
0.0,
97.0,
-22.0,
0.0,
1.0
]
}
}
]
}
]
}
]
}
},
{
"SN": "Parts/SideBody",
"TL": {
"L": [
{
"LN": "Layer_3",
"FR": [
{
"I": 0,
"DU": 1,
"E": [
{
"ASI": {
"N": "0035",
"M3D": [
0.8957366943359375,
0.0,
0.0,
0.0,
0.0,
0.8957366943359375,
0.0,
0.0,
0.0,
0.0,
1.0,
0.0,
-20.6,
1.75,
0.0,
1.0
]
}
}
]
}
]
}
]
}
},
{
"SN": "Anims/Idle",
"TL": {
"L": [
{
"LN": "Layer_12",
"FR": [
{
"I": 0,
"DU": 1,
"E": [
{
"SI": {
"SN": "Parts/IdleFace",
"IN": "",
"ST": "G",
"FF": 0,
"LP": "LP",
"TRP": {
"x": 99.7,
"y": 49.35
},
"M3D": [
0.990325927734375,
0.1354217529296875,
0.0,
0.0,
-0.1354217529296875,
0.990325927734375,
0.0,
0.0,
0.0,
0.0,
1.0,
0.0,
-74.75,
-210.7,
0.0,
1.0
]
}
}
]
},
{
"I": 1,
"DU": 1,
"E": [
{
"SI": {
"SN": "Parts/IdleFace",
"IN": "",
"ST": "G",
"FF": 1,
"LP": "LP",
"TRP": {
"x": 99.7,
"y": 49.35
},
"M3D": [
0.990325927734375,
0.1354217529296875,
0.0,
0.0,
-0.1354217529296875,
0.990325927734375,
0.0,
0.0,
0.0,
0.0,
1.0,
0.0,
-74.75,
-210.7,
0.0,
1.0
]
}
}
]
},
{
"I": 2,
"DU": 1,
"E": [
{
"SI": {
"SN": "Parts/IdleFace",
"IN": "",
"ST": "G",
"FF": 2,
"LP": "LP",
"TRP": {
"x": 99.7,
"y": 49.300000000000007
},
"M3D": [
0.98175048828125,
0.1868896484375,
0.0,
0.0,
-0.1868896484375,
0.98175048828125,
0.0,
0.0,
0.0,
0.0,
1.0,
0.0,
-59.65,
-212.0,
0.0,
1.0
]
}
}
]
},
{
"I": 3,
"DU": 1,
"E": [
{
"SI": {
"SN": "Parts/IdleFace",
"IN": "",
"ST": "G",
"FF": 3,
"LP": "LP",
"TRP": {
"x": 99.7,
"y": 49.3
},
"M3D": [
0.98175048828125,
0.1868896484375,
0.0,
0.0,
-0.1868896484375,
0.98175048828125,
0.0,
0.0,
0.0,
0.0,
1.0,
0.0,
-59.65,
-212.0,
0.0,
1.0
]
}
}
]
},
{
"I": 4,
"DU": 1,
"E": [
{
"SI": {
"SN": "Parts/IdleFace",
"IN": "",
"ST": "G",
"FF": 0,
"LP": "LP",
"TRP": {
"x": 99.65,
"y": 49.35
},
"M3D": [
0.987762451171875,
0.152618408203125,
0.0,
0.0,
-0.152618408203125,
0.987762451171875,
0.0,
0.0,
0.0,
0.0,
1.0,
0.0,
-60.25,
-217.1,
0.0,
1.0
]
}
}
]
},
{
"I": 5,
"DU": 1,
"E": [
{
"SI": {
"SN": "Parts/IdleFace",
"IN": "",
"ST": "G",
"FF": 1,
"LP": "LP",
"TRP": {
"x": 99.65,
"y": 49.35
},
"M3D": [
0.987762451171875,
0.152618408203125,
0.0,
0.0,
-0.152618408203125,
0.987762451171875,
0.0,
0.0,
0.0,
0.0,
1.0,
0.0,
-60.25,
-217.1,
0.0,
1.0
]
}
}
]
},
{
"I": 6,
"DU": 1,
"E": [
{
"SI": {
"SN": "Parts/IdleFace",
"IN": "",
"ST": "G",
"FF": 2,
"LP": "LP",
"TRP": {
"x": 99.7,
"y": 49.35
},
"M3D": [
0.9990234375,
0.0402984619140625,
0.0,
0.0,
-0.0402984619140625,
0.9990234375,
0.0,
0.0,
0.0,
0.0,
1.0,
0.0,
-88.1,
-221.25,
0.0,
1.0
]
}
}
]
},
{
"I": 7,
"DU": 1,
"E": [
{
"SI": {
"SN": "Parts/IdleFace",
"IN": "",
"ST": "G",
"FF": 3,
"LP": "LP",
"TRP": {
"x": 99.7,
"y": 49.35
},
"M3D": [
0.9990234375,
0.0402984619140625,
0.0,
0.0,
-0.0402984619140625,
0.9990234375,
0.0,
0.0,
0.0,
0.0,
1.0,
0.0,
-88.1,
-221.25,
0.0,
1.0
]
}
}
]
},
{
"I": 8,
"DU": 1,
"E": [
{
"SI": {
"SN": "Parts/IdleFace",
"IN": "",
"ST": "G",
"FF": 0,
"LP": "LP",
"TRP": {
"x": 99.65,
"y": 49.300000000000007
},
"M3D": [
0.9999847412109375,
0.0,
0.0,
0.0,
0.0,
0.9999847412109375,
0.0,
0.0,
0.0,
0.0,
1.0,
0.0,
-104.85,
-218.9,
0.0,
1.0
]
}
}
]
},
{
"I": 9,
"DU": 1,
"E": [
{
"SI": {
"SN": "Parts/IdleFace",
"IN": "",
"ST": "G",
"FF": 1,
"LP": "LP",
"TRP": {
"x": 99.65,
"y": 49.3
},
"M3D": [
0.9999847412109375,
0.0,
0.0,
0.0,
0.0,
0.9999847412109375,
0.0,
0.0,
0.0,
0.0,
1.0,
0.0,
-104.85,
-218.9,
0.0,
1.0
]
}
}
]
},
{
"I": 10,
"DU": 1,
"E": [
{
"SI": {
"SN": "Parts/IdleFace",
"IN": "",
"ST": "G",
"FF": 2,
"LP": "LP",
"TRP": {
"x": 99.65,
"y": 49.3
},
"M3D": [
0.9999847412109375,
0.0,
0.0,
0.0,
0.0,
0.9999847412109375,
0.0,
0.0,
0.0,
0.0,
1.0,
0.0,
-104.85,
-218.9,
0.0,
1.0
]
}
}
]
},
{
"I": 11,
"DU": 1,
"E": [
{
"SI": {
"SN": "Parts/IdleFace",
"IN": "",
"ST": "G",
"FF": 3,
"LP": "LP",
"TRP": {
"x": 99.65,
"y": 49.3
},
"M3D": [
0.9999847412109375,
0.0,
0.0,
0.0,
0.0,
0.9999847412109375,
0.0,
0.0,
0.0,
0.0,
1.0,
0.0,
-104.85,
-218.9,
0.0,
1.0
]
}
}
]
},
{
"I": 12,
"DU": 1,
"E": [
{
"SI": {
"SN": "Parts/IdleFace",
"IN": "",
"ST": "G",
"FF": 0,
"LP": "LP",
"TRP": {
"x": 99.65,
"y": 49.3
},
"M3D": [
0.9999847412109375,
0.0,
0.0,
0.0,
0.0,
0.9999847412109375,
0.0,
0.0,
0.0,
0.0,
1.0,
0.0,
-104.85,
-218.9,
0.0,
1.0
]
}
}
]
},
{
"I": 13,
"DU": 1,
"E": [
{
"SI": {
"SN": "Parts/IdleFace",
"IN": "",
"ST": "G",
"FF": 1,
"LP": "LP",
"TRP": {
"x": 99.65,
"y": 49.3
},
"M3D": [
0.9999847412109375,
0.0,
0.0,
0.0,
0.0,
0.9999847412109375,
0.0,
0.0,
0.0,
0.0,
1.0,
0.0,
-104.85,
-218.9,
0.0,
1.0
]
}
}
]
}
]
},
{
"LN": "Head",
"FR": [
{
"I": 0,
"DU": 2,
"E": [
{
"SI": {
"SN": "Parts/Head",
"IN": "",
"ST": "MC",
"TRP": {
"x": 151.15,
"y": 193.15
},
"M3D": [
0.990478515625,
0.13720703125,
0.0,
0.0,
-0.13720703125,
0.990478515625,
0.0,
0.0,
0.0,
0.0,
1.0,
0.0,
-83.1,
-318.95,
0.0,
1.0
]
}
}
]
},
{
"I": 2,
"DU": 2,
"E": [
{
"SI": {
"SN": "Parts/Head",
"IN": "",
"ST": "MC",
"TRP": {
"x": 151.1,
"y": 193.15
},
"M3D": [
0.98211669921875,
0.18804931640625,
0.0,
0.0,
-0.18804931640625,
0.98211669921875,
0.0,
0.0,
0.0,
0.0,
1.0,
0.0,
-62.4,
-320.45,
0.0,
1.0
]
}
}
]
},
{
"I": 4,
"DU": 2,
"E": [
{
"SI": {
"SN": "Parts/Head",
"IN": "",
"ST": "MC",
"TRP": {
"x": 151.20000000000003,
"y": 193.15
},
"M3D": [
0.988006591796875,
0.1541748046875,
0.0,
0.0,
-0.1541748046875,
0.988006591796875,
0.0,
0.0,
0.0,
0.0,
1.0,
0.0,
-66.75,
-325.5,
0.0,
1.0
]
}
}
]
},
{
"I": 6,
"DU": 2,
"E": [
{
"SI": {
"SN": "Parts/Head",
"IN": "",
"ST": "MC",
"TRP": {
"x": 151.15,
"y": 193.15
},
"M3D": [
0.999053955078125,
0.043487548828125,
0.0,
0.0,
-0.043487548828125,
0.999053955078125,
0.0,
0.0,
0.0,
0.0,
1.0,
0.0,
-106.5,
-328.35,
0.0,
1.0
]
}
}
]
},
{
"I": 8,
"DU": 6,
"E": [
{
"SI": {
"SN": "Parts/Head",
"IN": "",
"ST": "MC",
"TRP": {
"x": 151.1,
"y": 193.20000000000003
},
"M3D": [
1.0,
0.0,
0.0,
0.0,
0.0,
1.0,
0.0,
0.0,
0.0,
0.0,
1.0,
0.0,
-128.0,
-324.8,
0.0,
1.0
]
}
}
]
}
]
},
{
"LN": "Layer_14",
"FR": [
{
"I": 0,
"DU": 2,
"E": [
{
"SI": {
"SN": "Parts/IdleHand",
"IN": "",
"ST": "MC",
"TRP": {
"x": 35.5,
"y": 23.200000000000004
},
"M3D": [
0.9808807373046875,
-0.194580078125,
0.0,
0.0,
0.194580078125,
0.9808807373046875,
0.0,
0.0,
0.0,
0.0,
1.0,
0.0,
27.2,
-85.5,
0.0,
1.0
]
}
}
]
},
{
"I": 2,
"DU": 2,
"E": [
{
"SI": {
"SN": "Parts/IdleHand",
"IN": "",
"ST": "MC",
"TRP": {
"x": 35.550000000000007,
"y": 23.200000000000004
},
"M3D": [
0.99981689453125,
-0.0174560546875,
0.0,
0.0,
0.0174560546875,
0.99981689453125,
0.0,
0.0,
0.0,
0.0,
1.0,
0.0,
34.5,
-90.3,
0.0,
1.0
]
}
}
]
},
{
"I": 4,
"DU": 2,
"E": [
{
"SI": {
"SN": "Parts/IdleHand",
"IN": "",
"ST": "MC",
"TRP": {
"x": 35.550000000000007,
"y": 23.25
},
"M3D": [
0.9747314453125,
0.22314453125,
0.0,
0.0,
-0.22314453125,
0.9747314453125,
0.0,
0.0,
0.0,
0.0,
1.0,
0.0,
43.3,
-100.25,
0.0,
1.0
]
}
}
]
},
{
"I": 6,
"DU": 2,
"E": [
{
"SI": {
"SN": "Parts/IdleHand",
"IN": "",
"ST": "MC",
"TRP": {
"x": 35.550000000000007,
"y": 23.3
},
"M3D": [
0.873687744140625,
0.48638916015625,
0.0,
0.0,
-0.48638916015625,
0.873687744140625,
0.0,
0.0,
0.0,
0.0,
1.0,
0.0,
64.95,
-121.05,
0.0,
1.0
]
}
}
]
},
{
"I": 8,
"DU": 6,
"E": [
{
"SI": {
"SN": "Parts/IdleHand",
"IN": "",
"ST": "MC",
"TRP": {
"x": 35.550000000000007,
"y": 23.25
},
"M3D": [
0.966522216796875,
0.25634765625,
0.0,
0.0,
-0.25634765625,
0.966522216796875,
0.0,
0.0,
0.0,
0.0,
1.0,
0.0,
68.65,
-122.05,
0.0,
1.0
]
}
}
]
}
]
},
{
"LN": "Layer_11",
"FR": [
{
"I": 0,
"DU": 2,
"E": [
{
"SI": {
"SN": "Parts/IdleBody",
"IN": "",
"ST": "MC",
"TRP": {
"x": 77.05,
"y": 156.70000000000003
},
"M3D": [
1.0,
0.0,
0.0,
0.0,
-0.0829010009765625,
0.84033203125,
0.0,
0.0,
0.0,
0.0,
1.0,
0.0,
-64.1,
-131.65,
0.0,
1.0
]
}
}
]
},
{
"I": 2,
"DU": 2,
"E": [
{
"SI": {
"SN": "Parts/IdleBody",
"IN": "",
"ST": "MC",
"TRP": {
"x": 77.0,
"y": 156.75
},
"M3D": [
1.0,
0.0,
0.0,
0.0,
-0.11474609375,
0.832427978515625,
0.0,
0.0,
0.0,
0.0,
1.0,
0.0,
-59.1,
-130.35,
0.0,
1.0
]
}
}
]
},
{
"I": 4,
"DU": 2,
"E": [
{
"SI": {
"SN": "Parts/IdleBody",
"IN": "",
"ST": "MC",
"TRP": {
"x": 77.10000000000001,
"y": 156.9
},
"M3D": [
1.0,
0.0,
0.0,
0.0,
-0.109710693359375,
0.87200927734375,
0.0,
0.0,
0.0,
0.0,
1.0,
0.0,
-59.75,
-136.55,
0.0,
1.0
]
}
}
]
},
{
"I": 6,
"DU": 2,
"E": [
{
"SI": {
"SN": "Parts/IdleBody",
"IN": "",
"ST": "MC",
"TRP": {
"x": 77.10000000000001,
"y": 156.75
},
"M3D": [
1.0,
0.0,
0.0,
0.0,
-0.058074951171875,
0.981170654296875,
0.0,
0.0,
0.0,
0.0,
1.0,
0.0,
-67.9,
-153.7,
0.0,
1.0
]
}
}
]
},
{
"I": 8,
"DU": 6,
"E": [
{
"SI": {
"SN": "Parts/IdleBody",
"IN": "",
"ST": "MC",
"TRP": {
"x": 76.95,
"y": 156.65
},
"M3D": [
1.0,
0.0,
0.0,
0.0,
0.0,
1.0,
0.0,
0.0,
0.0,
0.0,
1.0,
0.0,
-77.05,
-156.65,
0.0,
1.0
]
}
}
]
}
]
},
{
"LN": "Layer_17",
"FR": [
{
"I": 0,
"DU": 2,
"E": [
{
"SI": {
"SN": "Parts/MicHand",
"IN": "",
"ST": "MC",
"TRP": {
"x": 88.65,
"y": 116.30000000000001
},
"M3D": [
0.954132080078125,
-0.2993011474609375,
0.0,
0.0,
0.2993011474609375,
0.954132080078125,
0.0,
0.0,
0.0,
0.0,
1.0,
0.0,
-222.3,
-136.05,
0.0,
1.0
]
}
}
]
},
{
"I": 2,
"DU": 2,
"E": [
{
"SI": {
"SN": "Parts/MicHand",
"IN": "",
"ST": "MC",
"TRP": {
"x": 88.55,
"y": 116.35000000000001
},
"M3D": [
0.90771484375,
-0.419464111328125,
0.0,
0.0,
0.419464111328125,
0.90771484375,
0.0,
0.0,
0.0,
0.0,
1.0,
0.0,
-233.2,
-116.85,
0.0,
1.0
]
}
}
]
},
{
"I": 4,
"DU": 2,
"E": [
{
"SI": {
"SN": "Parts/MicHand",
"IN": "",
"ST": "MC",
"TRP": {
"x": 88.55,
"y": 116.25
},
"M3D": [
0.79083251953125,
-0.6119842529296875,
0.0,
0.0,
0.6119842529296875,
0.79083251953125,
0.0,
0.0,
0.0,
0.0,
1.0,
0.0,
-255.0,
-95.1,
0.0,
1.0
]
}
}
]
},
{
"I": 6,
"DU": 2,
"E": [
{
"SI": {
"SN": "Parts/MicHand",
"IN": "",
"ST": "MC",
"TRP": {
"x": 88.5,
"y": 116.4
},
"M3D": [
0.917724609375,
-0.3970794677734375,
0.0,
0.0,
0.3970794677734375,
0.917724609375,
0.0,
0.0,
0.0,
0.0,
1.0,
0.0,
-242.95,
-148.2,
0.0,
1.0
]
}
}
]
},
{
"I": 8,
"DU": 6,
"E": [
{
"SI": {
"SN": "Parts/MicHand",
"IN": "",
"ST": "MC",
"TRP": {
"x": 88.60000000000001,
"y": 116.35000000000001
},
"M3D": [
0.9876708984375,
-0.156494140625,
0.0,
0.0,
0.156494140625,
0.9876708984375,
0.0,
0.0,
0.0,
0.0,
1.0,
0.0,
-217.5,
-179.9,
0.0,
1.0
]
}
}
]
}
]
}
]
}
},
{
"SN": "Parts/IdleFace",
"TL": {
"L": [
{
"LN": "Layer_1",
"FR": [
{
"I": 0,
"DU": 2,
"E": [
{
"ASI": {
"N": "0040",
"M3D": [
1.0,
0.0,
0.0,
0.0,
0.0,
1.0,
0.0,
0.0,
0.0,
0.0,
1.0,
0.0,
0.0,
0.0,
0.0,
1.0
]
}
}
]
},
{
"I": 2,
"DU": 2,
"E": [
{
"ASI": {
"N": "0041",
"M3D": [
1.0,
0.0,
0.0,
0.0,
0.0,
1.0,
0.0,
0.0,
0.0,
0.0,
1.0,
0.0,
1.0,
3.0,
0.0,
1.0
]
}
}
]
}
]
}
]
}
},
{
"SN": "Parts/IdleHand",
"TL": {
"L": [
{
"LN": "Layer_2",
"FR": [
{
"I": 0,
"DU": 1,
"E": [
{
"ASI": {
"N": "0038",
"M3D": [
0.9999847412109375,
0.0,
0.0,
0.0,
0.0,
0.9999847412109375,
0.0,
0.0,
0.0,
0.0,
1.0,
0.0,
0.0,
0.0,
0.0,
1.0
]
}
}
]
}
]
}
]
}
},
{
"SN": "Parts/MicHand",
"TL": {
"L": [
{
"LN": "Layer_2",
"FR": [
{
"I": 0,
"DU": 1,
"E": [
{
"ASI": {
"N": "0039",
"M3D": [
1.0,
0.0,
0.0,
0.0,
0.0,
1.0,
0.0,
0.0,
0.0,
0.0,
1.0,
0.0,
0.0,
0.0,
0.0,
1.0
]
}
}
]
}
]
}
]
}
},
{
"SN": "Anims/Up",
"TL": {
"L": [
{
"LN": "Layer_17",
"FR": [
{
"I": 0,
"DU": 2,
"E": [
{
"SI": {
"SN": "Parts/FrontMic",
"IN": "",
"ST": "MC",
"TRP": {
"x": 88.60000000000001,
"y": 116.30000000000001
},
"M3D": [
-0.2342987060546875,
0.972137451171875,
0.0,
0.0,
-0.972137451171875,
-0.2342987060546875,
0.0,
0.0,
0.0,
0.0,
1.0,
0.0,
-1.95,
-166.15,
0.0,
1.0
]
}
}
]
},
{
"I": 2,
"DU": 22,
"E": [
{
"SI": {
"SN": "Parts/FrontMic",
"IN": "",
"ST": "MC",
"TRP": {
"x": 88.65,
"y": 116.15
},
"M3D": [
-0.36285400390625,
0.931793212890625,
0.0,
0.0,
-0.931793212890625,
-0.36285400390625,
0.0,
0.0,
0.0,
0.0,
1.0,
0.0,
-0.45,
-137.65,
0.0,
1.0
]
}
}
]
}
]
},
{
"LN": "Layer_12",
"FR": [
{
"I": 0,
"DU": 1,
"E": [
{
"SI": {
"SN": "Parts/UpFace",
"IN": "",
"ST": "G",
"FF": 0,
"LP": "PO",
"TRP": {
"x": 100.4,
"y": 50.1
},
"M3D": [
0.977783203125,
0.20428466796875,
0.0,
0.0,
-0.20428466796875,
0.977783203125,
0.0,
0.0,
0.0,
0.0,
1.0,
0.0,
-77.95,
-278.35,
0.0,
1.0
]
}
}
]
},
{
"I": 1,
"DU": 1,
"E": [
{
"SI": {
"SN": "Parts/UpFace",
"IN": "",
"ST": "G",
"FF": 1,
"LP": "PO",
"TRP": {
"x": 100.4,
"y": 50.1
},
"M3D": [
0.977783203125,
0.20428466796875,
0.0,
0.0,
-0.20428466796875,
0.977783203125,
0.0,
0.0,
0.0,
0.0,
1.0,
0.0,
-77.95,
-278.35,
0.0,
1.0
]
}
}
]
},
{
"I": 2,
"DU": 1,
"E": [
{
"SI": {
"SN": "Parts/UpFace",
"IN": "",
"ST": "G",
"FF": 2,
"LP": "PO",
"TRP": {
"x": 100.4,
"y": 50.1
},
"M3D": [
0.9844207763671875,
0.16998291015625,
0.0,
0.0,
-0.16998291015625,
0.9844207763671875,
0.0,
0.0,
0.0,
0.0,
1.0,
0.0,
-86.6,
-265.35,
0.0,
1.0
]
}
}
]
},
{
"I": 3,
"DU": 1,
"E": [
{
"SI": {
"SN": "Parts/UpFace",
"IN": "",
"ST": "G",
"FF": 3,
"LP": "PO",
"TRP": {
"x": 100.4,
"y": 50.1
},
"M3D": [
0.9844207763671875,
0.16998291015625,
0.0,
0.0,
-0.16998291015625,
0.9844207763671875,
0.0,
0.0,
0.0,
0.0,
1.0,
0.0,
-86.6,
-265.35,
0.0,
1.0
]
}
}
]
},
{
"I": 4,
"DU": 1,
"E": [
{
"SI": {
"SN": "Parts/UpFace",
"IN": "",
"ST": "G",
"FF": 3,
"LP": "PO",
"TRP": {
"x": 100.4,
"y": 50.1
},
"M3D": [
0.9844207763671875,
0.16998291015625,
0.0,
0.0,
-0.16998291015625,
0.9844207763671875,
0.0,
0.0,
0.0,
0.0,
1.0,
0.0,
-86.6,
-265.35,
0.0,
1.0
]
}
}
]
},
{
"I": 5,
"DU": 1,
"E": [
{
"SI": {
"SN": "Parts/UpFace",
"IN": "",
"ST": "G",
"FF": 3,
"LP": "PO",
"TRP": {
"x": 100.4,
"y": 50.1
},
"M3D": [
0.9844207763671875,
0.16998291015625,
0.0,
0.0,
-0.16998291015625,
0.9844207763671875,
0.0,
0.0,
0.0,
0.0,
1.0,
0.0,
-86.6,
-265.35,
0.0,
1.0
]
}
}
]
},
{
"I": 6,
"DU": 1,
"E": [
{
"SI": {
"SN": "Parts/UpFace",
"IN": "",
"ST": "G",
"FF": 3,
"LP": "PO",
"TRP": {
"x": 100.4,
"y": 50.1
},
"M3D": [
0.9844207763671875,
0.16998291015625,
0.0,
0.0,
-0.16998291015625,
0.9844207763671875,
0.0,
0.0,
0.0,
0.0,
1.0,
0.0,
-86.6,
-265.35,
0.0,
1.0
]
}
}
]
},
{
"I": 7,
"DU": 1,
"E": [
{
"SI": {
"SN": "Parts/UpFace",
"IN": "",
"ST": "G",
"FF": 3,
"LP": "PO",
"TRP": {
"x": 100.4,
"y": 50.1
},
"M3D": [
0.9844207763671875,
0.16998291015625,
0.0,
0.0,
-0.16998291015625,
0.9844207763671875,
0.0,
0.0,
0.0,
0.0,
1.0,
0.0,
-86.6,
-265.35,
0.0,
1.0
]
}
}
]
},
{
"I": 8,
"DU": 1,
"E": [
{
"SI": {
"SN": "Parts/UpFace",
"IN": "",
"ST": "G",
"FF": 3,
"LP": "PO",
"TRP": {
"x": 100.4,
"y": 50.1
},
"M3D": [
0.9844207763671875,
0.16998291015625,
0.0,
0.0,
-0.16998291015625,
0.9844207763671875,
0.0,
0.0,
0.0,
0.0,
1.0,
0.0,
-86.6,
-265.35,
0.0,
1.0
]
}
}
]
},
{
"I": 9,
"DU": 1,
"E": [
{
"SI": {
"SN": "Parts/UpFace",
"IN": "",
"ST": "G",
"FF": 3,
"LP": "PO",
"TRP": {
"x": 100.4,
"y": 50.1
},
"M3D": [
0.9844207763671875,
0.16998291015625,
0.0,
0.0,
-0.16998291015625,
0.9844207763671875,
0.0,
0.0,
0.0,
0.0,
1.0,
0.0,
-86.6,
-265.35,
0.0,
1.0
]
}
}
]
},
{
"I": 10,
"DU": 1,
"E": [
{
"SI": {
"SN": "Parts/UpFace",
"IN": "",
"ST": "G",
"FF": 3,
"LP": "PO",
"TRP": {
"x": 100.4,
"y": 50.1
},
"M3D": [
0.9844207763671875,
0.16998291015625,
0.0,
0.0,
-0.16998291015625,
0.9844207763671875,
0.0,
0.0,
0.0,
0.0,
1.0,
0.0,
-86.6,
-265.35,
0.0,
1.0
]
}
}
]
},
{
"I": 11,
"DU": 1,
"E": [
{
"SI": {
"SN": "Parts/UpFace",
"IN": "",
"ST": "G",
"FF": 3,
"LP": "PO",
"TRP": {
"x": 100.4,
"y": 50.1
},
"M3D": [
0.9844207763671875,
0.16998291015625,
0.0,
0.0,
-0.16998291015625,
0.9844207763671875,
0.0,
0.0,
0.0,
0.0,
1.0,
0.0,
-86.6,
-265.35,
0.0,
1.0
]
}
}
]
},
{
"I": 12,
"DU": 1,
"E": [
{
"SI": {
"SN": "Parts/UpFace",
"IN": "",
"ST": "G",
"FF": 3,
"LP": "PO",
"TRP": {
"x": 100.4,
"y": 50.1
},
"M3D": [
0.9844207763671875,
0.16998291015625,
0.0,
0.0,
-0.16998291015625,
0.9844207763671875,
0.0,
0.0,
0.0,
0.0,
1.0,
0.0,
-86.6,
-265.35,
0.0,
1.0
]
}
}
]
},
{
"I": 13,
"DU": 1,
"E": [
{
"SI": {
"SN": "Parts/UpFace",
"IN": "",
"ST": "G",
"FF": 3,
"LP": "PO",
"TRP": {
"x": 100.4,
"y": 50.1
},
"M3D": [
0.9844207763671875,
0.16998291015625,
0.0,
0.0,
-0.16998291015625,
0.9844207763671875,
0.0,
0.0,
0.0,
0.0,
1.0,
0.0,
-86.6,
-265.35,
0.0,
1.0
]
}
}
]
},
{
"I": 14,
"DU": 1,
"E": [
{
"SI": {
"SN": "Parts/UpFace",
"IN": "",
"ST": "G",
"FF": 3,
"LP": "PO",
"TRP": {
"x": 100.4,
"y": 50.1
},
"M3D": [
0.9844207763671875,
0.16998291015625,
0.0,
0.0,
-0.16998291015625,
0.9844207763671875,
0.0,
0.0,
0.0,
0.0,
1.0,
0.0,
-86.6,
-265.35,
0.0,
1.0
]
}
}
]
},
{
"I": 15,
"DU": 1,
"E": [
{
"SI": {
"SN": "Parts/UpFace",
"IN": "",
"ST": "G",
"FF": 3,
"LP": "PO",
"TRP": {
"x": 100.4,
"y": 50.1
},
"M3D": [
0.9844207763671875,
0.16998291015625,
0.0,
0.0,
-0.16998291015625,
0.9844207763671875,
0.0,
0.0,
0.0,
0.0,
1.0,
0.0,
-86.6,
-265.35,
0.0,
1.0
]
}
}
]
},
{
"I": 16,
"DU": 1,
"E": [
{
"SI": {
"SN": "Parts/UpFace",
"IN": "",
"ST": "G",
"FF": 3,
"LP": "PO",
"TRP": {
"x": 100.4,
"y": 50.1
},
"M3D": [
0.9844207763671875,
0.16998291015625,
0.0,
0.0,
-0.16998291015625,
0.9844207763671875,
0.0,
0.0,
0.0,
0.0,
1.0,
0.0,
-86.6,
-265.35,
0.0,
1.0
]
}
}
]
},
{
"I": 17,
"DU": 1,
"E": [
{
"SI": {
"SN": "Parts/UpFace",
"IN": "",
"ST": "G",
"FF": 3,
"LP": "PO",
"TRP": {
"x": 100.4,
"y": 50.1
},
"M3D": [
0.9844207763671875,
0.16998291015625,
0.0,
0.0,
-0.16998291015625,
0.9844207763671875,
0.0,
0.0,
0.0,
0.0,
1.0,
0.0,
-86.6,
-265.35,
0.0,
1.0
]
}
}
]
},
{
"I": 18,
"DU": 1,
"E": [
{
"SI": {
"SN": "Parts/UpFace",
"IN": "",
"ST": "G",
"FF": 3,
"LP": "PO",
"TRP": {
"x": 100.4,
"y": 50.1
},
"M3D": [
0.9844207763671875,
0.16998291015625,
0.0,
0.0,
-0.16998291015625,
0.9844207763671875,
0.0,
0.0,
0.0,
0.0,
1.0,
0.0,
-86.6,
-265.35,
0.0,
1.0
]
}
}
]
},
{
"I": 19,
"DU": 1,
"E": [
{
"SI": {
"SN": "Parts/UpFace",
"IN": "",
"ST": "G",
"FF": 3,
"LP": "PO",
"TRP": {
"x": 100.4,
"y": 50.1
},
"M3D": [
0.9844207763671875,
0.16998291015625,
0.0,
0.0,
-0.16998291015625,
0.9844207763671875,
0.0,
0.0,
0.0,
0.0,
1.0,
0.0,
-86.6,
-265.35,
0.0,
1.0
]
}
}
]
},
{
"I": 20,
"DU": 1,
"E": [
{
"SI": {
"SN": "Parts/UpFace",
"IN": "",
"ST": "G",
"FF": 3,
"LP": "PO",
"TRP": {
"x": 100.4,
"y": 50.1
},
"M3D": [
0.9844207763671875,
0.16998291015625,
0.0,
0.0,
-0.16998291015625,
0.9844207763671875,
0.0,
0.0,
0.0,
0.0,
1.0,
0.0,
-86.6,
-265.35,
0.0,
1.0
]
}
}
]
},
{
"I": 21,
"DU": 1,
"E": [
{
"SI": {
"SN": "Parts/UpFace",
"IN": "",
"ST": "G",
"FF": 3,
"LP": "PO",
"TRP": {
"x": 100.4,
"y": 50.1
},
"M3D": [
0.9844207763671875,
0.16998291015625,
0.0,
0.0,
-0.16998291015625,
0.9844207763671875,
0.0,
0.0,
0.0,
0.0,
1.0,
0.0,
-86.6,
-265.35,
0.0,
1.0
]
}
}
]
},
{
"I": 22,
"DU": 1,
"E": [
{
"SI": {
"SN": "Parts/UpFace",
"IN": "",
"ST": "G",
"FF": 3,
"LP": "PO",
"TRP": {
"x": 100.4,
"y": 50.1
},
"M3D": [
0.9844207763671875,
0.16998291015625,
0.0,
0.0,
-0.16998291015625,
0.9844207763671875,
0.0,
0.0,
0.0,
0.0,
1.0,
0.0,
-86.6,
-265.35,
0.0,
1.0
]
}
}
]
},
{
"I": 23,
"DU": 1,
"E": [
{
"SI": {
"SN": "Parts/UpFace",
"IN": "",
"ST": "G",
"FF": 3,
"LP": "PO",
"TRP": {
"x": 100.4,
"y": 50.1
},
"M3D": [
0.9844207763671875,
0.16998291015625,
0.0,
0.0,
-0.16998291015625,
0.9844207763671875,
0.0,
0.0,
0.0,
0.0,
1.0,
0.0,
-86.6,
-265.35,
0.0,
1.0
]
}
}
]
}
]
},
{
"LN": "Layer_14",
"FR": [
{
"I": 0,
"DU": 2,
"E": [
{
"SI": {
"SN": "Parts/UpHand",
"IN": "",
"ST": "MC",
"TRP": {
"x": 35.6,
"y": 23.25
},
"M3D": [
0.99432373046875,
0.10546875,
0.0,
0.0,
0.10546875,
-0.99432373046875,
0.0,
0.0,
0.0,
0.0,
1.0,
0.0,
100.05,
-243.25,
0.0,
1.0
]
}
}
]
},
{
"I": 2,
"DU": 22,
"E": [
{
"SI": {
"SN": "Parts/UpHand",
"IN": "",
"ST": "MC",
"TRP": {
"x": 35.6,
"y": 23.200000000000004
},
"M3D": [
0.999603271484375,
-0.024871826171875,
0.0,
0.0,
-0.024871826171875,
-0.999603271484375,
0.0,
0.0,
0.0,
0.0,
1.0,
0.0,
94.8,
-207.35,
0.0,
1.0
]
}
}
]
}
]
},
{
"LN": "Head",
"FR": [
{
"I": 0,
"DU": 2,
"E": [
{
"SI": {
"SN": "Parts/Head",
"IN": "",
"ST": "MC",
"TRP": {
"x": 151.15,
"y": 193.10000000000003
},
"M3D": [
0.9783935546875,
0.20654296875,
0.0,
0.0,
-0.20654296875,
0.9783935546875,
0.0,
0.0,
0.0,
0.0,
1.0,
0.0,
-78.05,
-379.65,
0.0,
1.0
]
}
}
]
},
{
"I": 2,
"DU": 22,
"E": [
{
"SI": {
"SN": "Parts/Head",
"IN": "",
"ST": "MC",
"TRP": {
"x": 151.20000000000003,
"y": 193.10000000000003
},
"M3D": [
0.985015869140625,
0.1722412109375,
0.0,
0.0,
-0.1722412109375,
0.985015869140625,
0.0,
0.0,
0.0,
0.0,
1.0,
0.0,
-90.25,
-366.6,
0.0,
1.0
]
}
}
]
}
]
},
{
"LN": "Layer_11",
"FR": [
{
"I": 0,
"DU": 2,
"E": [
{
"SI": {
"SN": "Parts/IdleBody",
"IN": "",
"ST": "MC",
"TRP": {
"x": 77.10000000000001,
"y": 156.85
},
"M3D": [
0.8594207763671875,
0.0,
0.0,
0.0,
-0.097747802734375,
1.23858642578125,
0.0,
0.0,
0.0,
0.0,
1.0,
0.0,
-49.85,
-192.9,
0.0,
1.0
]
}
}
]
},
{
"I": 2,
"DU": 22,
"E": [
{
"SI": {
"SN": "Parts/IdleBody",
"IN": "",
"ST": "MC",
"TRP": {
"x": 77.0,
"y": 156.75
},
"M3D": [
0.8594207763671875,
0.0,
0.0,
0.0,
-0.0666046142578125,
1.16436767578125,
0.0,
0.0,
0.0,
0.0,
1.0,
0.0,
-54.7,
-181.25,
0.0,
1.0
]
}
}
]
}
]
}
]
}
},
{
"SN": "Anims/Left",
"TL": {
"L": [
{
"LN": "Layer_12",
"FR": [
{
"I": 0,
"DU": 1,
"E": [
{
"SI": {
"SN": "Parts/LeftFace",
"IN": "",
"ST": "G",
"FF": 0,
"LP": "PO",
"TRP": {
"x": 100.5,
"y": 50.15
},
"M3D": [
0.9923095703125,
0.1182861328125,
0.0,
0.0,
-0.1182861328125,
0.9923095703125,
0.0,
0.0,
0.0,
0.0,
1.0,
0.0,
-155.7,
-226.65,
0.0,
1.0
]
}
}
]
},
{
"I": 1,
"DU": 1,
"E": [
{
"SI": {
"SN": "Parts/LeftFace",
"IN": "",
"ST": "G",
"FF": 1,
"LP": "PO",
"TRP": {
"x": 100.5,
"y": 50.15
},
"M3D": [
0.9923095703125,
0.1182861328125,
0.0,
0.0,
-0.1182861328125,
0.9923095703125,
0.0,
0.0,
0.0,
0.0,
1.0,
0.0,
-155.7,
-226.65,
0.0,
1.0
]
}
}
]
},
{
"I": 2,
"DU": 1,
"E": [
{
"SI": {
"SN": "Parts/LeftFace",
"IN": "",
"ST": "G",
"FF": 2,
"LP": "PO",
"TRP": {
"x": 100.5,
"y": 50.15
},
"M3D": [
0.997314453125,
0.066314697265625,
0.0,
0.0,
-0.066314697265625,
0.997314453125,
0.0,
0.0,
0.0,
0.0,
1.0,
0.0,
-146.7,
-220.9,
0.0,
1.0
]
}
}
]
},
{
"I": 3,
"DU": 1,
"E": [
{
"SI": {
"SN": "Parts/LeftFace",
"IN": "",
"ST": "G",
"FF": 3,
"LP": "PO",
"TRP": {
"x": 100.5,
"y": 50.15
},
"M3D": [
0.997314453125,
0.066314697265625,
0.0,
0.0,
-0.066314697265625,
0.997314453125,
0.0,
0.0,
0.0,
0.0,
1.0,
0.0,
-146.7,
-220.9,
0.0,
1.0
]
}
}
]
},
{
"I": 4,
"DU": 1,
"E": [
{
"SI": {
"SN": "Parts/LeftFace",
"IN": "",
"ST": "G",
"FF": 3,
"LP": "PO",
"TRP": {
"x": 100.5,
"y": 50.15
},
"M3D": [
0.997314453125,
0.066314697265625,
0.0,
0.0,
-0.066314697265625,
0.997314453125,
0.0,
0.0,
0.0,
0.0,
1.0,
0.0,
-146.7,
-220.9,
0.0,
1.0
]
}
}
]
},
{
"I": 5,
"DU": 1,
"E": [
{
"SI": {
"SN": "Parts/LeftFace",
"IN": "",
"ST": "G",
"FF": 3,
"LP": "PO",
"TRP": {
"x": 100.5,
"y": 50.15
},
"M3D": [
0.997314453125,
0.066314697265625,
0.0,
0.0,
-0.066314697265625,
0.997314453125,
0.0,
0.0,
0.0,
0.0,
1.0,
0.0,
-146.7,
-220.9,
0.0,
1.0
]
}
}
]
},
{
"I": 6,
"DU": 1,
"E": [
{
"SI": {
"SN": "Parts/LeftFace",
"IN": "",
"ST": "G",
"FF": 3,
"LP": "PO",
"TRP": {
"x": 100.5,
"y": 50.15
},
"M3D": [
0.997314453125,
0.066314697265625,
0.0,
0.0,
-0.066314697265625,
0.997314453125,
0.0,
0.0,
0.0,
0.0,
1.0,
0.0,
-146.7,
-220.9,
0.0,
1.0
]
}
}
]
},
{
"I": 7,
"DU": 1,
"E": [
{
"SI": {
"SN": "Parts/LeftFace",
"IN": "",
"ST": "G",
"FF": 3,
"LP": "PO",
"TRP": {
"x": 100.5,
"y": 50.15
},
"M3D": [
0.997314453125,
0.066314697265625,
0.0,
0.0,
-0.066314697265625,
0.997314453125,
0.0,
0.0,
0.0,
0.0,
1.0,
0.0,
-146.7,
-220.9,
0.0,
1.0
]
}
}
]
},
{
"I": 8,
"DU": 1,
"E": [
{
"SI": {
"SN": "Parts/LeftFace",
"IN": "",
"ST": "G",
"FF": 3,
"LP": "PO",
"TRP": {
"x": 100.5,
"y": 50.15
},
"M3D": [
0.997314453125,
0.066314697265625,
0.0,
0.0,
-0.066314697265625,
0.997314453125,
0.0,
0.0,
0.0,
0.0,
1.0,
0.0,
-146.7,
-220.9,
0.0,
1.0
]
}
}
]
},
{
"I": 9,
"DU": 1,
"E": [
{
"SI": {
"SN": "Parts/LeftFace",
"IN": "",
"ST": "G",
"FF": 3,
"LP": "PO",
"TRP": {
"x": 100.5,
"y": 50.15
},
"M3D": [
0.997314453125,
0.066314697265625,
0.0,
0.0,
-0.066314697265625,
0.997314453125,
0.0,
0.0,
0.0,
0.0,
1.0,
0.0,
-146.7,
-220.9,
0.0,
1.0
]
}
}
]
},
{
"I": 10,
"DU": 1,
"E": [
{
"SI": {
"SN": "Parts/LeftFace",
"IN": "",
"ST": "G",
"FF": 3,
"LP": "PO",
"TRP": {
"x": 100.5,
"y": 50.15
},
"M3D": [
0.997314453125,
0.066314697265625,
0.0,
0.0,
-0.066314697265625,
0.997314453125,
0.0,
0.0,
0.0,
0.0,
1.0,
0.0,
-146.7,
-220.9,
0.0,
1.0
]
}
}
]
},
{
"I": 11,
"DU": 1,
"E": [
{
"SI": {
"SN": "Parts/LeftFace",
"IN": "",
"ST": "G",
"FF": 3,
"LP": "PO",
"TRP": {
"x": 100.5,
"y": 50.15
},
"M3D": [
0.997314453125,
0.066314697265625,
0.0,
0.0,
-0.066314697265625,
0.997314453125,
0.0,
0.0,
0.0,
0.0,
1.0,
0.0,
-146.7,
-220.9,
0.0,
1.0
]
}
}
]
},
{
"I": 12,
"DU": 1,
"E": [
{
"SI": {
"SN": "Parts/LeftFace",
"IN": "",
"ST": "G",
"FF": 3,
"LP": "PO",
"TRP": {
"x": 100.5,
"y": 50.15
},
"M3D": [
0.997314453125,
0.066314697265625,
0.0,
0.0,
-0.066314697265625,
0.997314453125,
0.0,
0.0,
0.0,
0.0,
1.0,
0.0,
-146.7,
-220.9,
0.0,
1.0
]
}
}
]
},
{
"I": 13,
"DU": 1,
"E": [
{
"SI": {
"SN": "Parts/LeftFace",
"IN": "",
"ST": "G",
"FF": 3,
"LP": "PO",
"TRP": {
"x": 100.5,
"y": 50.15
},
"M3D": [
0.997314453125,
0.066314697265625,
0.0,
0.0,
-0.066314697265625,
0.997314453125,
0.0,
0.0,
0.0,
0.0,
1.0,
0.0,
-146.7,
-220.9,
0.0,
1.0
]
}
}
]
},
{
"I": 14,
"DU": 1,
"E": [
{
"SI": {
"SN": "Parts/LeftFace",
"IN": "",
"ST": "G",
"FF": 3,
"LP": "PO",
"TRP": {
"x": 100.5,
"y": 50.15
},
"M3D": [
0.997314453125,
0.066314697265625,
0.0,
0.0,
-0.066314697265625,
0.997314453125,
0.0,
0.0,
0.0,
0.0,
1.0,
0.0,
-146.7,
-220.9,
0.0,
1.0
]
}
}
]
},
{
"I": 15,
"DU": 1,
"E": [
{
"SI": {
"SN": "Parts/LeftFace",
"IN": "",
"ST": "G",
"FF": 3,
"LP": "PO",
"TRP": {
"x": 100.5,
"y": 50.15
},
"M3D": [
0.997314453125,
0.066314697265625,
0.0,
0.0,
-0.066314697265625,
0.997314453125,
0.0,
0.0,
0.0,
0.0,
1.0,
0.0,
-146.7,
-220.9,
0.0,
1.0
]
}
}
]
},
{
"I": 16,
"DU": 1,
"E": [
{
"SI": {
"SN": "Parts/LeftFace",
"IN": "",
"ST": "G",
"FF": 3,
"LP": "PO",
"TRP": {
"x": 100.5,
"y": 50.15
},
"M3D": [
0.997314453125,
0.066314697265625,
0.0,
0.0,
-0.066314697265625,
0.997314453125,
0.0,
0.0,
0.0,
0.0,
1.0,
0.0,
-146.7,
-220.9,
0.0,
1.0
]
}
}
]
},
{
"I": 17,
"DU": 1,
"E": [
{
"SI": {
"SN": "Parts/LeftFace",
"IN": "",
"ST": "G",
"FF": 3,
"LP": "PO",
"TRP": {
"x": 100.5,
"y": 50.15
},
"M3D": [
0.997314453125,
0.066314697265625,
0.0,
0.0,
-0.066314697265625,
0.997314453125,
0.0,
0.0,
0.0,
0.0,
1.0,
0.0,
-146.7,
-220.9,
0.0,
1.0
]
}
}
]
},
{
"I": 18,
"DU": 1,
"E": [
{
"SI": {
"SN": "Parts/LeftFace",
"IN": "",
"ST": "G",
"FF": 3,
"LP": "PO",
"TRP": {
"x": 100.5,
"y": 50.15
},
"M3D": [
0.997314453125,
0.066314697265625,
0.0,
0.0,
-0.066314697265625,
0.997314453125,
0.0,
0.0,
0.0,
0.0,
1.0,
0.0,
-146.7,
-220.9,
0.0,
1.0
]
}
}
]
},
{
"I": 19,
"DU": 1,
"E": [
{
"SI": {
"SN": "Parts/LeftFace",
"IN": "",
"ST": "G",
"FF": 3,
"LP": "PO",
"TRP": {
"x": 100.5,
"y": 50.15
},
"M3D": [
0.997314453125,
0.066314697265625,
0.0,
0.0,
-0.066314697265625,
0.997314453125,
0.0,
0.0,
0.0,
0.0,
1.0,
0.0,
-146.7,
-220.9,
0.0,
1.0
]
}
}
]
},
{
"I": 20,
"DU": 1,
"E": [
{
"SI": {
"SN": "Parts/LeftFace",
"IN": "",
"ST": "G",
"FF": 3,
"LP": "PO",
"TRP": {
"x": 100.5,
"y": 50.15
},
"M3D": [
0.997314453125,
0.066314697265625,
0.0,
0.0,
-0.066314697265625,
0.997314453125,
0.0,
0.0,
0.0,
0.0,
1.0,
0.0,
-146.7,
-220.9,
0.0,
1.0
]
}
}
]
},
{
"I": 21,
"DU": 1,
"E": [
{
"SI": {
"SN": "Parts/LeftFace",
"IN": "",
"ST": "G",
"FF": 3,
"LP": "PO",
"TRP": {
"x": 100.5,
"y": 50.15
},
"M3D": [
0.997314453125,
0.066314697265625,
0.0,
0.0,
-0.066314697265625,
0.997314453125,
0.0,
0.0,
0.0,
0.0,
1.0,
0.0,
-146.7,
-220.9,
0.0,
1.0
]
}
}
]
},
{
"I": 22,
"DU": 1,
"E": [
{
"SI": {
"SN": "Parts/LeftFace",
"IN": "",
"ST": "G",
"FF": 3,
"LP": "PO",
"TRP": {
"x": 100.5,
"y": 50.15
},
"M3D": [
0.997314453125,
0.066314697265625,
0.0,
0.0,
-0.066314697265625,
0.997314453125,
0.0,
0.0,
0.0,
0.0,
1.0,
0.0,
-146.7,
-220.9,
0.0,
1.0
]
}
}
]
},
{
"I": 23,
"DU": 1,
"E": [
{
"SI": {
"SN": "Parts/LeftFace",
"IN": "",
"ST": "G",
"FF": 3,
"LP": "PO",
"TRP": {
"x": 100.5,
"y": 50.15
},
"M3D": [
0.997314453125,
0.066314697265625,
0.0,
0.0,
-0.066314697265625,
0.997314453125,
0.0,
0.0,
0.0,
0.0,
1.0,
0.0,
-146.7,
-220.9,
0.0,
1.0
]
}
}
]
}
]
},
{
"LN": "Head",
"FR": [
{
"I": 0,
"DU": 2,
"E": [
{
"SI": {
"SN": "Parts/Head",
"IN": "",
"ST": "MC",
"TRP": {
"x": 151.20000000000003,
"y": 193.10000000000003
},
"M3D": [
0.9926605224609375,
0.12078857421875,
0.0,
0.0,
-0.12078857421875,
0.9926605224609375,
0.0,
0.0,
0.0,
0.0,
1.0,
0.0,
-158.2,
-336.85,
0.0,
1.0
]
}
}
]
},
{
"I": 2,
"DU": 22,
"E": [
{
"SI": {
"SN": "Parts/Head",
"IN": "",
"ST": "MC",
"TRP": {
"x": 151.20000000000003,
"y": 193.10000000000003
},
"M3D": [
0.99755859375,
0.0691986083984375,
0.0,
0.0,
-0.0691986083984375,
0.99755859375,
0.0,
0.0,
0.0,
0.0,
1.0,
0.0,
-154.8,
-330.8,
0.0,
1.0
]
}
}
]
}
]
},
{
"LN": "Layer_14",
"FR": [
{
"I": 0,
"DU": 2,
"E": [
{
"SI": {
"SN": "Parts/LeftHand",
"IN": "",
"ST": "MC",
"TRP": {
"x": 35.550000000000007,
"y": 23.25
},
"M3D": [
0.966522216796875,
0.25634765625,
0.0,
0.0,
-0.25634765625,
0.966522216796875,
0.0,
0.0,
0.0,
0.0,
1.0,
0.0,
-18.45,
-110.95,
0.0,
1.0
]
}
}
]
},
{
"I": 2,
"DU": 22,
"E": [
{
"SI": {
"SN": "Parts/LeftHand",
"IN": "",
"ST": "MC",
"TRP": {
"x": 35.6,
"y": 23.3
},
"M3D": [
0.9493255615234375,
0.3140869140625,
0.0,
0.0,
-0.3140869140625,
0.9493255615234375,
0.0,
0.0,
0.0,
0.0,
1.0,
0.0,
-31.4,
-123.4,
0.0,
1.0
]
}
}
]
}
]
},
{
"LN": "Layer_11",
"FR": [
{
"I": 0,
"DU": 2,
"E": [
{
"SI": {
"SN": "Parts/SideBody",
"IN": "",
"ST": "MC",
"TRP": {
"x": 76.95,
"y": 156.65
},
"M3D": [
1.0,
0.0,
0.0,
0.0,
0.09002685546875,
1.0,
0.0,
0.0,
0.0,
0.0,
1.0,
0.0,
-95.05,
-156.25,
0.0,
1.0
]
}
}
]
},
{
"I": 2,
"DU": 22,
"E": [
{
"SI": {
"SN": "Parts/SideBody",
"IN": "",
"ST": "MC",
"TRP": {
"x": 77.0,
"y": 156.65
},
"M3D": [
1.0,
0.0,
0.0,
0.0,
0.0303192138671875,
1.0,
0.0,
0.0,
0.0,
0.0,
1.0,
0.0,
-85.65,
-156.25,
0.0,
1.0
]
}
}
]
}
]
},
{
"LN": "Layer_17",
"FR": [
{
"I": 0,
"DU": 2,
"E": [
{
"SI": {
"SN": "Parts/MicHand",
"IN": "",
"ST": "MC",
"TRP": {
"x": 88.55,
"y": 116.30000000000001
},
"M3D": [
0.8043212890625,
-0.5941162109375,
0.0,
0.0,
0.5941162109375,
0.8043212890625,
0.0,
0.0,
0.0,
0.0,
1.0,
0.0,
-301.1,
-116.45,
0.0,
1.0
]
}
}
]
},
{
"I": 2,
"DU": 22,
"E": [
{
"SI": {
"SN": "Parts/MicHand",
"IN": "",
"ST": "MC",
"TRP": {
"x": 88.55,
"y": 116.25
},
"M3D": [
0.711151123046875,
-0.7029876708984375,
0.0,
0.0,
0.7029876708984375,
0.711151123046875,
0.0,
0.0,
0.0,
0.0,
1.0,
0.0,
-291.35,
-93.45,
0.0,
1.0
]
}
}
]
}
]
}
]
}
},
{
"SN": "Parts/LeftFace",
"TL": {
"L": [
{
"LN": "Layer_3",
"FR": [
{
"I": 0,
"DU": 2,
"E": [
{
"ASI": {
"N": "0043",
"M3D": [
1.0,
0.0,
0.0,
0.0,
0.0,
1.0,
0.0,
0.0,
0.0,
0.0,
1.0,
0.0,
24.0,
-41.0,
0.0,
1.0
]
}
}
]
},
{
"I": 2,
"DU": 2,
"E": [
{
"ASI": {
"N": "0044",
"M3D": [
1.0,
0.0,
0.0,
0.0,
0.0,
1.0,
0.0,
0.0,
0.0,
0.0,
1.0,
0.0,
28.0,
-21.0,
0.0,
1.0
]
}
}
]
}
]
}
]
}
},
{
"SN": "Parts/LeftHand",
"TL": {
"L": [
{
"LN": "Layer_3",
"FR": [
{
"I": 0,
"DU": 1,
"E": [
{
"ASI": {
"N": "0042",
"M3D": [
1.0,
0.0,
0.0,
0.0,
0.0,
1.0,
0.0,
0.0,
0.0,
0.0,
1.0,
0.0,
92.0,
-21.0,
0.0,
1.0
]
}
}
]
}
]
}
]
}
},
{
"SN": "Anims/Right",
"TL": {
"L": [
{
"LN": "Layer_17",
"FR": [
{
"I": 0,
"DU": 2,
"E": [
{
"SI": {
"SN": "Parts/FrontMic",
"IN": "",
"ST": "MC",
"TRP": {
"x": 88.55,
"y": 116.2
},
