{
"AN": {
"N": "Bamber - Character (NEW)",
"SN": "enExporteDeDeado",
"TL": {
"L": [
{
"LN": "Layer_1",
"FR": [
{
"I": 0,
"DU": 1,
"E": [
{
"SI": {
"SN": "Animations/Bamber FirstDeath",
"IN": "",
"ST": "G",
"FF": 115,
"LP": "SF",
"TRP": {
"x": 286.90000000000006,
"y": 195.70000000000003
},
"M3D": [
1.0,
0.0,
0.0,
0.0,
0.0,
1.0,
0.0,
0.0,
0.0,
0.0,
1.0,
0.0,
141.9,
268.45,
0.0,
1.0
]
}
},
{
"SI": {
"SN": "Animations/Bamber DeathLoop",
"IN": "",
"ST": "MC",
"TRP": {
"x": 201.5,
"y": 296.35
},
"M3D": [
1.0,
0.0,
0.0,
0.0,
0.0,
1.0,
0.0,
0.0,
0.0,
0.0,
1.0,
0.0,
734.35,
268.3,
0.0,
1.0
]
}
},
{
"SI": {
"SN": "Animations/Bamber DeathConfirm",
"IN": "",
"ST": "MC",
"TRP": {
"x": 201.5,
"y": 296.35
},
"M3D": [
1.0,
0.0,
0.0,
0.0,
0.0,
1.0,
0.0,
0.0,
0.0,
0.0,
1.0,
0.0,
1345.05,
243.8,
0.0,
1.0
]
}
}
]
}
]
}
]
}
},
"SD": {
"S": [
{
"SN": "Animations/Bamber FirstDeath",
"TL": {
"L": [
{
"LN": "Layer_2",
"FR": [
{
"I": 0,
"DU": 116,
"E": []
}
]
},
{
"LN": "Layer_7",
"FR": [
{
"I": 0,
"DU": 1,
"E": [
{
"SI": {
"SN": "Parts/Hand_GameOver",
"IN": "",
"ST": "G",
"FF": 0,
"LP": "SF",
"TRP": {
"x": 23.85,
"y": 9.65
},
"M3D": [
-1.0,
0.0,
0.0,
0.0,
0.0,
1.0,
0.0,
0.0,
0.0,
0.0,
1.0,
0.0,
77.7,
-168.25,
0.0,
1.0
]
}
}
]
},
{
"I": 1,
"DU": 1,
"E": [
{
"SI": {
"SN": "Parts/Hand_GameOver",
"IN": "",
"ST": "G",
"FF": 0,
"LP": "SF",
"TRP": {
"x": 23.85,
"y": 9.65
},
"M3D": [
-1.0,
0.0,
0.0,
0.0,
0.0,
1.0,
0.0,
0.0,
0.0,
0.0,
1.0,
0.0,
77.7,
-168.25,
0.0,
1.0
]
}
}
]
},
{
"I": 2,
"DU": 1,
"E": [
{
"SI": {
"SN": "Parts/Hand_GameOver",
"IN": "",
"ST": "G",
"FF": 0,
"LP": "SF",
"TRP": {
"x": 23.85,
"y": 9.65
},
"M3D": [
-1.0,
0.0,
0.0,
0.0,
0.0,
1.0,
0.0,
0.0,
0.0,
0.0,
1.0,
0.0,
77.7,
-168.25,
0.0,
1.0
]
}
}
]
},
{
"I": 3,
"DU": 1,
"E": [
{
"SI": {
"SN": "Parts/Hand_GameOver",
"IN": "",
"ST": "G",
"FF": 0,
"LP": "SF",
"TRP": {
"x": 23.85,
"y": 9.65
},
"M3D": [
-1.0,
0.0,
0.0,
0.0,
0.0,
1.0,
0.0,
0.0,
0.0,
0.0,
1.0,
0.0,
77.7,
-168.25,
0.0,
1.0
]
}
}
]
},
{
"I": 4,
"DU": 1,
"E": [
{
"SI": {
"SN": "Parts/Hand_GameOver",
"IN": "",
"ST": "G",
"FF": 0,
"LP": "SF",
"TRP": {
"x": 23.85,
"y": 9.65
},
"M3D": [
-1.0,
0.0,
0.0,
0.0,
0.0,
1.0,
0.0,
0.0,
0.0,
0.0,
1.0,
0.0,
77.7,
-168.25,
0.0,
1.0
]
}
}
]
},
{
"I": 5,
"DU": 1,
"E": [
{
"SI": {
"SN": "Parts/Hand_GameOver",
"IN": "",
"ST": "G",
"FF": 0,
"LP": "SF",
"TRP": {
"x": 23.85,
"y": 9.65
},
"M3D": [
-1.0,
0.0,
0.0,
0.0,
0.0,
1.0,
0.0,
0.0,
0.0,
0.0,
1.0,
0.0,
77.7,
-168.25,
0.0,
1.0
]
}
}
]
},
{
"I": 6,
"DU": 1,
"E": [
{
"SI": {
"SN": "Parts/Hand_GameOver",
"IN": "",
"ST": "G",
"FF": 0,
"LP": "SF",
"TRP": {
"x": 23.900000000000003,
"y": 9.700000000000001
},
"M3D": [
-0.9979248046875,
0.0643768310546875,
0.0,
0.0,
0.0643768310546875,
0.9979248046875,
0.0,
0.0,
0.0,
0.0,
1.0,
0.0,
78.25,
-170.1,
0.0,
1.0
]
}
}
]
},
{
"I": 7,
"DU": 1,
"E": [
{
"SI": {
"SN": "Parts/Hand_GameOver",
"IN": "",
"ST": "G",
"FF": 0,
"LP": "SF",
"TRP": {
"x": 23.9,
"y": 9.7
},
"M3D": [
-0.9979248046875,
0.0643768310546875,
0.0,
0.0,
0.0643768310546875,
0.9979248046875,
0.0,
0.0,
0.0,
0.0,
1.0,
0.0,
78.25,
-170.1,
0.0,
1.0
]
}
}
]
},
{
"I": 8,
"DU": 1,
"E": [
{
"SI": {
"SN": "Parts/Hand_GameOver",
"IN": "",
"ST": "G",
"FF": 0,
"LP": "SF",
"TRP": {
"x": 23.9,
"y": 9.7
},
"M3D": [
-0.9979248046875,
0.0643768310546875,
0.0,
0.0,
0.0643768310546875,
0.9979248046875,
0.0,
0.0,
0.0,
0.0,
1.0,
0.0,
78.25,
-170.1,
0.0,
1.0
]
}
}
]
},
{
"I": 9,
"DU": 1,
"E": [
{
"SI": {
"SN": "Parts/Hand_GameOver",
"IN": "",
"ST": "G",
"FF": 0,
"LP": "SF",
"TRP": {
"x": 23.9,
"y": 9.7
},
"M3D": [
-0.9979248046875,
0.0643768310546875,
0.0,
0.0,
0.0643768310546875,
0.9979248046875,
0.0,
0.0,
0.0,
0.0,
1.0,
0.0,
78.25,
-170.1,
0.0,
1.0
]
}
}
]
},
{
"I": 10,
"DU": 1,
"E": [
{
"SI": {
"SN": "Parts/Hand_GameOver",
"IN": "",
"ST": "G",
"FF": 0,
"LP": "SF",
"TRP": {
"x": 27.45,
"y": 63.050000000000007
},
"M3D": [
-0.998809814453125,
-0.048675537109375,
0.0,
0.0,
-0.048675537109375,
0.998809814453125,
0.0,
0.0,
0.0,
0.0,
1.0,
0.0,
83.0,
-165.85,
0.0,
1.0
]
}
}
]
},
{
"I": 11,
"DU": 1,
"E": [
{
"SI": {
"SN": "Parts/Hand_GameOver",
"IN": "",
"ST": "G",
"FF": 0,
"LP": "SF",
"TRP": {
"x": 27.45,
"y": 63.05
},
"M3D": [
-0.998809814453125,
-0.048675537109375,
0.0,
0.0,
-0.048675537109375,
0.998809814453125,
0.0,
0.0,
0.0,
0.0,
1.0,
0.0,
83.0,
-165.85,
0.0,
1.0
]
}
}
]
},
{
"I": 12,
"DU": 1,
"E": [
{
"SI": {
"SN": "Parts/Hand_GameOver",
"IN": "",
"ST": "G",
"FF": 0,
"LP": "SF",
"TRP": {
"x": 27.45,
"y": 63.05
},
"M3D": [
-0.998809814453125,
-0.048675537109375,
0.0,
0.0,
-0.048675537109375,
0.998809814453125,
0.0,
0.0,
0.0,
0.0,
1.0,
0.0,
83.0,
-165.85,
0.0,
1.0
]
}
}
]
},
{
"I": 13,
"DU": 1,
"E": [
{
"SI": {
"SN": "Parts/Hand_GameOver",
"IN": "",
"ST": "G",
"FF": 0,
"LP": "SF",
"TRP": {
"x": 27.55,
"y": 63.1
},
"M3D": [
-0.989837646484375,
0.14215087890625,
0.0,
0.0,
0.14215087890625,
0.989837646484375,
0.0,
0.0,
0.0,
0.0,
1.0,
0.0,
66.5,
-180.0,
0.0,
1.0
]
}
}
]
},
{
"I": 14,
"DU": 1,
"E": [
{
"SI": {
"SN": "Parts/Hand_GameOver",
"IN": "",
"ST": "G",
"FF": 0,
"LP": "SF",
"TRP": {
"x": 27.55,
"y": 63.1
},
"M3D": [
-0.989837646484375,
0.14215087890625,
0.0,
0.0,
0.14215087890625,
0.989837646484375,
0.0,
0.0,
0.0,
0.0,
1.0,
0.0,
66.5,
-180.0,
0.0,
1.0
]
}
}
]
},
{
"I": 15,
"DU": 1,
"E": [
{
"SI": {
"SN": "Parts/Hand_GameOver",
"IN": "",
"ST": "G",
"FF": 0,
"LP": "SF",
"TRP": {
"x": 27.6,
"y": 63.15
},
"M3D": [
-0.998870849609375,
0.04705810546875,
0.0,
0.0,
0.04705810546875,
0.998870849609375,
0.0,
0.0,
0.0,
0.0,
1.0,
0.0,
72.15,
-174.35,
0.0,
1.0
]
}
}
]
},
{
"I": 16,
"DU": 1,
"E": [
{
"SI": {
"SN": "Parts/Hand_GameOver",
"IN": "",
"ST": "G",
"FF": 0,
"LP": "SF",
"TRP": {
"x": 27.6,
"y": 63.15
},
"M3D": [
-0.9842529296875,
0.176605224609375,
0.0,
0.0,
0.176605224609375,
0.9842529296875,
0.0,
0.0,
0.0,
0.0,
1.0,
0.0,
72.95,
-174.0,
0.0,
1.0
]
}
}
]
},
{
"I": 17,
"DU": 1,
"E": [
{
"SI": {
"SN": "Parts/Hand_GameOver",
"IN": "",
"ST": "G",
"FF": 0,
"LP": "SF",
"TRP": {
"x": 27.700000000000004,
"y": 63.2
},
"M3D": [
-0.995819091796875,
0.090911865234375,
0.0,
0.0,
0.090911865234375,
0.995819091796875,
0.0,
0.0,
0.0,
0.0,
1.0,
0.0,
80.5,
-172.35,
0.0,
1.0
]
}
}
]
},
{
"I": 18,
"DU": 1,
"E": [
{
"SI": {
"SN": "Parts/Hand_GameOver",
"IN": "",
"ST": "G",
"FF": 1,
"LP": "SF",
"TRP": {
"x": 27.700000000000004,
"y": 63.2
},
"M3D": [
-0.9841156005859375,
0.177276611328125,
0.0,
0.0,
0.177276611328125,
0.9841156005859375,
0.0,
0.0,
0.0,
0.0,
1.0,
0.0,
70.9,
-178.45,
0.0,
1.0
]
}
}
]
},
{
"I": 19,
"DU": 1,
"E": [
{
"SI": {
"SN": "Parts/Hand_GameOver",
"IN": "",
"ST": "G",
"FF": 1,
"LP": "SF",
"TRP": {
"x": 27.75,
"y": 63.2
},
"M3D": [
-0.995391845703125,
0.0953826904296875,
0.0,
0.0,
0.0953826904296875,
0.995391845703125,
0.0,
0.0,
0.0,
0.0,
1.0,
0.0,
71.6,
-184.65,
0.0,
1.0
]
}
}
]
},
{
"I": 20,
"DU": 1,
"E": [
{
"SI": {
"SN": "Parts/Hand_GameOver",
"IN": "",
"ST": "G",
"FF": 2,
"LP": "SF",
"TRP": {
"x": 27.700000000000004,
"y": 63.2
},
"M3D": [
-0.9841156005859375,
0.177276611328125,
0.0,
0.0,
0.177276611328125,
0.9841156005859375,
0.0,
0.0,
0.0,
0.0,
1.0,
0.0,
54.8,
-189.85,
0.0,
1.0
]
}
}
]
},
{
"I": 21,
"DU": 1,
"E": [
{
"SI": {
"SN": "Parts/Hand_GameOver",
"IN": "",
"ST": "G",
"FF": 2,
"LP": "SF",
"TRP": {
"x": 27.75,
"y": 63.2
},
"M3D": [
-0.9996795654296875,
-0.0230255126953125,
0.0,
0.0,
-0.0230255126953125,
0.9996795654296875,
0.0,
0.0,
0.0,
0.0,
1.0,
0.0,
30.55,
-190.05,
0.0,
1.0
]
}
}
]
},
{
"I": 22,
"DU": 1,
"E": [
{
"SI": {
"SN": "Parts/Hand_GameOver",
"IN": "",
"ST": "G",
"FF": 3,
"LP": "SF",
"TRP": {
"x": 27.700000000000004,
"y": 63.2
},
"M3D": [
-0.9841156005859375,
0.177276611328125,
0.0,
0.0,
0.177276611328125,
0.9841156005859375,
0.0,
0.0,
0.0,
0.0,
1.0,
0.0,
5.35,
-208.85,
0.0,
1.0
]
}
}
]
},
{
"I": 23,
"DU": 1,
"E": [
{
"SI": {
"SN": "Parts/Hand_GameOver",
"IN": "",
"ST": "G",
"FF": 3,
"LP": "SF",
"TRP": {
"x": 27.75,
"y": 63.2
},
"M3D": [
-0.954010009765625,
0.299560546875,
0.0,
0.0,
0.299560546875,
0.954010009765625,
0.0,
0.0,
0.0,
0.0,
1.0,
0.0,
-19.45,
-201.8,
0.0,
1.0
]
}
}
]
},
{
"I": 24,
"DU": 1,
"E": [
{
"SI": {
"SN": "Parts/Hand_GameOver",
"IN": "",
"ST": "G",
"FF": 4,
"LP": "SF",
"TRP": {
"x": 27.700000000000004,
"y": 63.2
},
"M3D": [
-0.9841156005859375,
0.177276611328125,
0.0,
0.0,
0.177276611328125,
0.9841156005859375,
0.0,
0.0,
0.0,
0.0,
1.0,
0.0,
-22.6,
-218.55,
0.0,
1.0
]
}
}
]
},
{
"I": 25,
"DU": 1,
"E": [
{
"SI": {
"SN": "Parts/Hand_GameOver",
"IN": "",
"ST": "G",
"FF": 4,
"LP": "SF",
"TRP": {
"x": 27.75,
"y": 63.2
},
"M3D": [
-0.972625732421875,
0.23211669921875,
0.0,
0.0,
0.23211669921875,
0.972625732421875,
0.0,
0.0,
0.0,
0.0,
1.0,
0.0,
-31.3,
-206.3,
0.0,
1.0
]
}
}
]
},
{
"I": 26,
"DU": 1,
"E": [
{
"SI": {
"SN": "Parts/Hand_GameOver",
"IN": "",
"ST": "G",
"FF": 5,
"LP": "SF",
"TRP": {
"x": 27.700000000000004,
"y": 63.2
},
"M3D": [
-0.9841156005859375,
0.177276611328125,
0.0,
0.0,
0.177276611328125,
0.9841156005859375,
0.0,
0.0,
0.0,
0.0,
1.0,
0.0,
-39.1,
-214.25,
0.0,
1.0
]
}
}
]
},
{
"I": 27,
"DU": 1,
"E": [
{
"SI": {
"SN": "Parts/Hand_GameOver",
"IN": "",
"ST": "G",
"FF": 5,
"LP": "SF",
"TRP": {
"x": 27.75,
"y": 63.2
},
"M3D": [
-0.9964599609375,
-0.0834503173828125,
0.0,
0.0,
-0.0834503173828125,
0.9964599609375,
0.0,
0.0,
0.0,
0.0,
1.0,
0.0,
-47.0,
-198.0,
0.0,
1.0
]
}
}
]
},
{
"I": 28,
"DU": 1,
"E": [
{
"SI": {
"SN": "Parts/Hand_GameOver",
"IN": "",
"ST": "G",
"FF": 5,
"LP": "SF",
"TRP": {
"x": 27.8,
"y": 63.2
},
"M3D": [
-0.9046630859375,
0.425933837890625,
0.0,
0.0,
0.425933837890625,
0.9046630859375,
0.0,
0.0,
0.0,
0.0,
1.0,
0.0,
-39.25,
-214.25,
0.0,
1.0
]
}
}
]
},
{
"I": 29,
"DU": 1,
"E": [
{
"SI": {
"SN": "Parts/Hand_GameOver",
"IN": "",
"ST": "G",
"FF": 5,
"LP": "SF",
"TRP": {
"x": 27.8,
"y": 63.2
},
"M3D": [
-0.9985809326171875,
0.051849365234375,
0.0,
0.0,
0.051849365234375,
0.9985809326171875,
0.0,
0.0,
0.0,
0.0,
1.0,
0.0,
-13.0,
-200.9,
0.0,
1.0
]
}
}
]
},
{
"I": 30,
"DU": 1,
"E": [
{
"SI": {
"SN": "Parts/Hand_GameOver",
"IN": "",
"ST": "G",
"FF": 5,
"LP": "SF",
"TRP": {
"x": 27.85,
"y": 63.2
},
"M3D": [
-0.985595703125,
0.168548583984375,
0.0,
0.0,
0.168548583984375,
0.985595703125,
0.0,
0.0,
0.0,
0.0,
1.0,
0.0,
-65.15,
-205.1,
0.0,
1.0
]
}
}
]
},
{
"I": 31,
"DU": 1,
"E": [
{
"SI": {
"SN": "Parts/Hand_GameOver",
"IN": "",
"ST": "G",
"FF": 5,
"LP": "SF",
"TRP": {
"x": 27.900000000000003,
"y": 63.300000000000007
},
"M3D": [
-0.93780517578125,
-0.346832275390625,
0.0,
0.0,
-0.346832275390625,
0.93780517578125,
0.0,
0.0,
0.0,
0.0,
1.0,
0.0,
-80.6,
-175.2,
0.0,
1.0
]
}
}
]
},
{
"I": 32,
"DU": 1,
"E": [
{
"SI": {
"SN": "Parts/Hand_GameOver",
"IN": "",
"ST": "G",
"FF": 5,
"LP": "SF",
"TRP": {
"x": 27.95,
"y": 63.400000000000009
},
"M3D": [
-0.94757080078125,
0.319091796875,
0.0,
0.0,
0.319091796875,
0.94757080078125,
0.0,
0.0,
0.0,
0.0,
1.0,
0.0,
-62.7,
-194.4,
0.0,
1.0
]
}
}
]
},
{
"I": 33,
"DU": 1,
"E": [
{
"SI": {
"SN": "Parts/Hand_GameOver",
"IN": "",
"ST": "G",
"FF": 5,
"LP": "SF",
"TRP": {
"x": 27.8,
"y": 63.2
},
"M3D": [
-0.9046630859375,
0.425933837890625,
0.0,
0.0,
0.425933837890625,
0.9046630859375,
0.0,
0.0,
0.0,
0.0,
1.0,
0.0,
-39.25,
-214.25,
0.0,
1.0
]
}
}
]
},
{
"I": 34,
"DU": 1,
"E": [
{
"SI": {
"SN": "Parts/Hand_GameOver",
"IN": "",
"ST": "G",
"FF": 5,
"LP": "SF",
"TRP": {
"x": 27.8,
"y": 63.2
},
"M3D": [
-0.9985809326171875,
0.051849365234375,
0.0,
0.0,
0.051849365234375,
0.9985809326171875,
0.0,
0.0,
0.0,
0.0,
1.0,
0.0,
-13.0,
-200.9,
0.0,
1.0
]
}
}
]
},
{
"I": 35,
"DU": 1,
"E": [
{
"SI": {
"SN": "Parts/Hand_GameOver",
"IN": "",
"ST": "G",
"FF": 5,
"LP": "SF",
"TRP": {
"x": 27.85,
"y": 63.2
},
"M3D": [
-0.985595703125,
0.168548583984375,
0.0,
0.0,
0.168548583984375,
0.985595703125,
0.0,
0.0,
0.0,
0.0,
1.0,
0.0,
-65.15,
-205.1,
0.0,
1.0
]
}
}
]
},
{
"I": 36,
"DU": 1,
"E": [
{
"SI": {
"SN": "Parts/Hand_GameOver",
"IN": "",
"ST": "G",
"FF": 5,
"LP": "SF",
"TRP": {
"x": 27.900000000000003,
"y": 63.300000000000007
},
"M3D": [
-0.93780517578125,
-0.346832275390625,
0.0,
0.0,
-0.346832275390625,
0.93780517578125,
0.0,
0.0,
0.0,
0.0,
1.0,
0.0,
-80.6,
-175.2,
0.0,
1.0
]
}
}
]
},
{
"I": 37,
"DU": 1,
"E": [
{
"SI": {
"SN": "Parts/Hand_GameOver",
"IN": "",
"ST": "G",
"FF": 5,
"LP": "SF",
"TRP": {
"x": 27.95,
"y": 63.400000000000009
},
"M3D": [
-0.94757080078125,
0.319091796875,
0.0,
0.0,
0.319091796875,
0.94757080078125,
0.0,
0.0,
0.0,
0.0,
1.0,
0.0,
-62.7,
-194.4,
0.0,
1.0
]
}
}
]
},
{
"I": 38,
"DU": 1,
"E": [
{
"SI": {
"SN": "Parts/Hand_GameOver",
"IN": "",
"ST": "G",
"FF": 5,
"LP": "SF",
"TRP": {
"x": 27.8,
"y": 63.2
},
"M3D": [
-0.9046630859375,
0.425933837890625,
0.0,
0.0,
0.425933837890625,
0.9046630859375,
0.0,
0.0,
0.0,
0.0,
1.0,
0.0,
-39.25,
-214.25,
0.0,
1.0
]
}
}
]
},
{
"I": 39,
"DU": 1,
"E": [
{
"SI": {
"SN": "Parts/Hand_GameOver",
"IN": "",
"ST": "G",
"FF": 5,
"LP": "SF",
"TRP": {
"x": 27.8,
"y": 63.2
},
"M3D": [
-0.9985809326171875,
0.051849365234375,
0.0,
0.0,
0.051849365234375,
0.9985809326171875,
0.0,
0.0,
0.0,
0.0,
1.0,
0.0,
-13.0,
-200.9,
0.0,
1.0
]
}
}
]
},
{
"I": 40,
"DU": 1,
"E": [
{
"SI": {
"SN": "Parts/Hand_GameOver",
"IN": "",
"ST": "G",
"FF": 5,
"LP": "SF",
"TRP": {
"x": 27.85,
"y": 63.2
},
"M3D": [
-0.985595703125,
0.168548583984375,
0.0,
0.0,
0.168548583984375,
0.985595703125,
0.0,
0.0,
0.0,
0.0,
1.0,
0.0,
-65.15,
-205.1,
0.0,
1.0
]
}
}
]
},
{
"I": 41,
"DU": 1,
"E": [
{
"SI": {
"SN": "Parts/Hand_GameOver",
"IN": "",
"ST": "G",
"FF": 5,
"LP": "SF",
"TRP": {
"x": 27.900000000000003,
"y": 63.300000000000007
},
"M3D": [
-0.93780517578125,
-0.346832275390625,
0.0,
0.0,
-0.346832275390625,
0.93780517578125,
0.0,
0.0,
0.0,
0.0,
1.0,
0.0,
-80.6,
-175.2,
0.0,
1.0
]
}
}
]
},
{
"I": 42,
"DU": 1,
"E": [
{
"SI": {
"SN": "Parts/Hand_GameOver",
"IN": "",
"ST": "G",
"FF": 5,
"LP": "SF",
"TRP": {
"x": 27.95,
"y": 63.400000000000009
},
"M3D": [
-0.94757080078125,
0.319091796875,
0.0,
0.0,
0.319091796875,
0.94757080078125,
0.0,
0.0,
0.0,
0.0,
1.0,
0.0,
-62.7,
-194.4,
0.0,
1.0
]
}
}
]
},
{
"I": 43,
"DU": 1,
"E": [
{
"SI": {
"SN": "Parts/Hand_GameOver",
"IN": "",
"ST": "G",
"FF": 5,
"LP": "SF",
"TRP": {
"x": 27.95,
"y": 63.5
},
"M3D": [
-0.99786376953125,
0.0629730224609375,
0.0,
0.0,
0.0629730224609375,
0.99786376953125,
0.0,
0.0,
0.0,
0.0,
1.0,
0.0,
-12.85,
-217.3,
0.0,
1.0
]
}
}
]
},
{
"I": 44,
"DU": 1,
"E": [
{
"SI": {
"SN": "Parts/Hand_GameOver",
"IN": "",
"ST": "G",
"FF": 5,
"LP": "SF",
"TRP": {
"x": 28.05,
"y": 63.5
},
"M3D": [
-0.880126953125,
0.474334716796875,
0.0,
0.0,
0.474334716796875,
0.880126953125,
0.0,
0.0,
0.0,
0.0,
1.0,
0.0,
-80.8,
-218.4,
0.0,
1.0
]
}
}
]
},
{
"I": 45,
"DU": 1,
"E": [
{
"SI": {
"SN": "Parts/Hand_GameOver",
"IN": "",
"ST": "G",
"FF": 5,
"LP": "SF",
"TRP": {
"x": 28.150000000000003,
"y": 63.550000000000007
},
"M3D": [
-0.98785400390625,
0.154052734375,
0.0,
0.0,
0.154052734375,
0.98785400390625,
0.0,
0.0,
0.0,
0.0,
1.0,
0.0,
-97.8,
-204.55,
0.0,
1.0
]
}
}
]
},
{
"I": 46,
"DU": 1,
"E": [
{
"SI": {
"SN": "Parts/Hand_GameOver",
"IN": "",
"ST": "G",
"FF": 5,
"LP": "SF",
"TRP": {
"x": 28.200000000000004,
"y": 63.5
},
"M3D": [
-0.539947509765625,
0.841461181640625,
0.0,
0.0,
0.841461181640625,
0.539947509765625,
0.0,
0.0,
0.0,
0.0,
1.0,
0.0,
-98.5,
-249.9,
0.0,
1.0
]
}
}
]
},
{
"I": 47,
"DU": 1,
"E": [
{
"SI": {
"SN": "Parts/Hand_GameOver",
"IN": "",
"ST": "G",
"FF": 5,
"LP": "SF",
"TRP": {
"x": 28.200000000000004,
"y": 63.45
},
"M3D": [
-0.73931884765625,
0.67303466796875,
0.0,
0.0,
0.67303466796875,
0.73931884765625,
0.0,
0.0,
0.0,
0.0,
1.0,
0.0,
-129.0,
-259.35,
0.0,
1.0
]
}
}
]
},
{
"I": 48,
"DU": 1,
"E": [
{
"SI": {
"SN": "Parts/Hand_GameOver",
"IN": "",
"ST": "G",
"FF": 5,
"LP": "SF",
"TRP": {
"x": 28.200000000000004,
"y": 63.5
},
"M3D": [
-0.9525146484375,
-0.303741455078125,
0.0,
0.0,
-0.303741455078125,
0.9525146484375,
0.0,
0.0,
0.0,
0.0,
1.0,
0.0,
51.9,
-298.65,
0.0,
1.0
]
}
}
]
},
{
"I": 49,
"DU": 1,
"E": [
{
"SI": {
"SN": "Parts/Hand_GameOver",
"IN": "",
"ST": "G",
"FF": 5,
"LP": "SF",
"TRP": {
"x": 28.25,
"y": 63.45
},
"M3D": [
-0.97674560546875,
0.2131805419921875,
0.0,
0.0,
0.2131805419921875,
0.97674560546875,
0.0,
0.0,
0.0,
0.0,
1.0,
0.0,
-66.9,
-238.35,
0.0,
1.0
]
}
}
]
},
{
"I": 50,
"DU": 1,
"E": [
{
"SI": {
"SN": "Parts/Hand_GameOver",
"IN": "",
"ST": "G",
"FF": 5,
"LP": "SF",
"TRP": {
"x": 28.3,
"y": 63.45
},
"M3D": [
-0.8138427734375,
0.58062744140625,
0.0,
0.0,
0.58062744140625,
0.8138427734375,
0.0,
0.0,
0.0,
0.0,
1.0,
0.0,
-47.35,
-303.1,
0.0,
1.0
]
}
}
]
},
{
"I": 51,
"DU": 1,
"E": [
{
"SI": {
"SN": "Parts/Hand_GameOver",
"IN": "",
"ST": "G",
"FF": 5,
"LP": "SF",
"TRP": {
"x": 28.200000000000004,
"y": 63.5
},
"M3D": [
-0.539947509765625,
0.841461181640625,
0.0,
0.0,
0.841461181640625,
0.539947509765625,
0.0,
0.0,
0.0,
0.0,
1.0,
0.0,
-98.5,
-249.9,
0.0,
1.0
]
}
}
]
},
{
"I": 52,
"DU": 1,
"E": [
{
"SI": {
"SN": "Parts/Hand_GameOver",
"IN": "",
"ST": "G",
"FF": 5,
"LP": "SF",
"TRP": {
"x": 28.200000000000004,
"y": 63.45
},
"M3D": [
-0.73931884765625,
0.67303466796875,
0.0,
0.0,
0.67303466796875,
0.73931884765625,
0.0,
0.0,
0.0,
0.0,
1.0,
0.0,
-129.0,
-259.35,
0.0,
1.0
]
}
}
]
},
{
"I": 53,
"DU": 1,
"E": [
{
"SI": {
"SN": "Parts/Hand_GameOver",
"IN": "",
"ST": "G",
"FF": 5,
"LP": "SF",
"TRP": {
"x": 28.200000000000004,
"y": 63.5
},
"M3D": [
-0.9525146484375,
-0.303741455078125,
0.0,
0.0,
-0.303741455078125,
0.9525146484375,
0.0,
0.0,
0.0,
0.0,
1.0,
0.0,
51.9,
-298.65,
0.0,
1.0
]
}
}
]
},
{
"I": 54,
"DU": 1,
"E": [
{
"SI": {
"SN": "Parts/Hand_GameOver",
"IN": "",
"ST": "G",
"FF": 5,
"LP": "SF",
"TRP": {
"x": 28.3,
"y": 63.45
},
"M3D": [
-0.8138427734375,
0.58062744140625,
0.0,
0.0,
0.58062744140625,
0.8138427734375,
0.0,
0.0,
0.0,
0.0,
1.0,
0.0,
-47.35,
-303.1,
0.0,
1.0
]
}
}
]
},
{
"I": 55,
"DU": 1,
"E": [
{
"SI": {
"SN": "Parts/Hand_GameOver",
"IN": "",
"ST": "G",
"FF": 6,
"LP": "SF",
"TRP": {
"x": 43.7,
"y": 52.400000000000009
},
"M3D": [
-0.635833740234375,
0.7714691162109375,
0.0,
0.0,
0.7714691162109375,
0.635833740234375,
0.0,
0.0,
0.0,
0.0,
1.0,
0.0,
-107.5,
-255.0,
0.0,
1.0
]
}
}
]
},
{
"I": 56,
"DU": 1,
"E": [
{
"SI": {
"SN": "Parts/Hand_GameOver",
"IN": "",
"ST": "G",
"FF": 6,
"LP": "SF",
"TRP": {
"x": 43.7,
"y": 52.4
},
"M3D": [
-0.635833740234375,
0.7714691162109375,
0.0,
0.0,
0.7714691162109375,
0.635833740234375,
0.0,
0.0,
0.0,
0.0,
1.0,
0.0,
-107.5,
-255.0,
0.0,
1.0
]
}
}
]
},
{
"I": 57,
"DU": 1,
"E": [
{
"SI": {
"SN": "Parts/Hand_GameOver",
"IN": "",
"ST": "G",
"FF": 6,
"LP": "SF",
"TRP": {
"x": 43.75,
"y": 52.45
},
"M3D": [
-0.74859619140625,
0.662567138671875,
0.0,
0.0,
0.662567138671875,
0.74859619140625,
0.0,
0.0,
0.0,
0.0,
1.0,
0.0,
-89.75,
-267.45,
0.0,
1.0
]
}
}
]
},
{
"I": 58,
"DU": 1,
"E": [
{
"SI": {
"SN": "Parts/Hand_GameOver",
"IN": "",
"ST": "G",
"FF": 6,
"LP": "SF",
"TRP": {
"x": 43.75,
"y": 52.45
},
"M3D": [
-0.74859619140625,
0.662567138671875,
0.0,
0.0,
0.662567138671875,
0.74859619140625,
0.0,
0.0,
0.0,
0.0,
1.0,
0.0,
-89.75,
-267.45,
0.0,
1.0
]
}
}
]
},
{
"I": 59,
"DU": 1,
"E": [
{
"SI": {
"SN": "Parts/Hand_GameOver",
"IN": "",
"ST": "G",
"FF": 6,
"LP": "SF",
"TRP": {
"x": 43.75,
"y": 52.45
},
"M3D": [
-0.74859619140625,
0.662567138671875,
0.0,
0.0,
0.662567138671875,
0.74859619140625,
0.0,
0.0,
0.0,
0.0,
1.0,
0.0,
-89.75,
-267.45,
0.0,
1.0
]
}
}
]
},
{
"I": 60,
"DU": 1,
"E": [
{
"SI": {
"SN": "Parts/Hand_GameOver",
"IN": "",
"ST": "G",
"FF": 6,
"LP": "SF",
"TRP": {
"x": 43.75,
"y": 52.45
},
"M3D": [
-0.74859619140625,
0.662567138671875,
0.0,
0.0,
0.662567138671875,
0.74859619140625,
0.0,
0.0,
0.0,
0.0,
1.0,
0.0,
-89.75,
-267.45,
0.0,
1.0
]
}
}
]
},
{
"I": 61,
"DU": 1,
"E": [
{
"SI": {
"SN": "Parts/Hand_GameOver",
"IN": "",
"ST": "G",
"FF": 6,
"LP": "SF",
"TRP": {
"x": 43.75,
"y": 52.45
},
"M3D": [
-0.74859619140625,
0.662567138671875,
0.0,
0.0,
0.662567138671875,
0.74859619140625,
0.0,
0.0,
0.0,
0.0,
1.0,
0.0,
-89.75,
-267.45,
0.0,
1.0
]
}
}
]
},
{
"I": 62,
"DU": 1,
"E": [
{
"SI": {
"SN": "Parts/Hand_GameOver",
"IN": "",
"ST": "G",
"FF": 6,
"LP": "SF",
"TRP": {
"x": 43.75,
"y": 52.45
},
"M3D": [
-0.74859619140625,
0.662567138671875,
0.0,
0.0,
0.662567138671875,
0.74859619140625,
0.0,
0.0,
0.0,
0.0,
1.0,
0.0,
-89.75,
-267.45,
0.0,
1.0
]
}
}
]
},
{
"I": 63,
"DU": 1,
"E": [
{
"SI": {
"SN": "Parts/Hand_GameOver",
"IN": "",
"ST": "G",
"FF": 6,
"LP": "SF",
"TRP": {
"x": 43.75,
"y": 52.45
},
"M3D": [
-0.74859619140625,
0.662567138671875,
0.0,
0.0,
0.662567138671875,
0.74859619140625,
0.0,
0.0,
0.0,
0.0,
1.0,
0.0,
-89.75,
-267.45,
0.0,
1.0
]
}
}
]
},
{
"I": 64,
"DU": 1,
"E": [
{
"SI": {
"SN": "Parts/Hand_GameOver",
"IN": "",
"ST": "G",
"FF": 6,
"LP": "SF",
"TRP": {
"x": 43.75,
"y": 52.45
},
"M3D": [
-0.74859619140625,
0.662567138671875,
0.0,
0.0,
0.662567138671875,
0.74859619140625,
0.0,
0.0,
0.0,
0.0,
1.0,
0.0,
-89.75,
-267.45,
0.0,
1.0
]
}
}
]
},
{
"I": 65,
"DU": 1,
"E": [
{
"SI": {
"SN": "Parts/Hand_GameOver",
"IN": "",
"ST": "G",
"FF": 6,
"LP": "SF",
"TRP": {
"x": 43.75,
"y": 52.45
},
"M3D": [
-0.74859619140625,
0.662567138671875,
0.0,
0.0,
0.662567138671875,
0.74859619140625,
0.0,
0.0,
0.0,
0.0,
1.0,
0.0,
-89.75,
-267.45,
0.0,
1.0
]
}
}
]
},
{
"I": 66,
"DU": 1,
"E": [
{
"SI": {
"SN": "Parts/Hand_GameOver",
"IN": "",
"ST": "G",
"FF": 6,
"LP": "SF",
"TRP": {
"x": 43.75,
"y": 52.45
},
"M3D": [
-0.74859619140625,
0.662567138671875,
0.0,
0.0,
0.662567138671875,
0.74859619140625,
0.0,
0.0,
0.0,
0.0,
1.0,
0.0,
-89.75,
-267.45,
0.0,
1.0
]
}
}
]
},
{
"I": 67,
"DU": 1,
"E": [
{
"SI": {
"SN": "Parts/Hand_GameOver",
"IN": "",
"ST": "G",
"FF": 6,
"LP": "SF",
"TRP": {
"x": 43.75,
"y": 52.45
},
"M3D": [
-0.74859619140625,
0.662567138671875,
0.0,
0.0,
0.662567138671875,
0.74859619140625,
0.0,
0.0,
0.0,
0.0,
1.0,
0.0,
-89.75,
-267.45,
0.0,
1.0
]
}
}
]
},
{
"I": 68,
"DU": 1,
"E": [
{
"SI": {
"SN": "Parts/Hand_GameOver",
"IN": "",
"ST": "G",
"FF": 6,
"LP": "SF",
"TRP": {
"x": 43.75,
"y": 52.45
},
"M3D": [
-0.74859619140625,
0.662567138671875,
0.0,
0.0,
0.662567138671875,
0.74859619140625,
0.0,
0.0,
0.0,
0.0,
1.0,
0.0,
-89.75,
-267.45,
0.0,
1.0
]
}
}
]
},
{
"I": 69,
"DU": 1,
"E": [
{
"SI": {
"SN": "Parts/Hand_GameOver",
"IN": "",
"ST": "G",
"FF": 6,
"LP": "SF",
"TRP": {
"x": 43.75,
"y": 52.45
},
"M3D": [
-0.74859619140625,
0.662567138671875,
0.0,
0.0,
0.662567138671875,
0.74859619140625,
0.0,
0.0,
0.0,
0.0,
1.0,
0.0,
-89.75,
-267.45,
0.0,
1.0
]
}
}
]
},
{
"I": 70,
"DU": 1,
"E": [
{
"SI": {
"SN": "Parts/Hand_GameOver",
"IN": "",
"ST": "G",
"FF": 6,
"LP": "SF",
"TRP": {
"x": 43.75,
"y": 52.45
},
"M3D": [
-0.74859619140625,
0.662567138671875,
0.0,
0.0,
0.662567138671875,
0.74859619140625,
0.0,
0.0,
0.0,
0.0,
1.0,
0.0,
-89.75,
-267.45,
0.0,
1.0
]
}
}
]
},
{
"I": 71,
"DU": 1,
"E": [
{
"SI": {
"SN": "Parts/Hand_GameOver",
"IN": "",
"ST": "G",
"FF": 6,
"LP": "SF",
"TRP": {
"x": 43.75,
"y": 52.45
},
"M3D": [
-0.74859619140625,
0.662567138671875,
0.0,
0.0,
0.662567138671875,
0.74859619140625,
0.0,
0.0,
0.0,
0.0,
1.0,
0.0,
-89.75,
-267.45,
0.0,
1.0
]
}
}
]
},
{
"I": 72,
"DU": 1,
"E": [
{
"SI": {
"SN": "Parts/Hand_GameOver",
"IN": "",
"ST": "G",
"FF": 6,
"LP": "SF",
"TRP": {
"x": 43.75,
"y": 52.45
},
"M3D": [
-0.74859619140625,
0.662567138671875,
0.0,
0.0,
0.662567138671875,
0.74859619140625,
0.0,
0.0,
0.0,
0.0,
1.0,
0.0,
-89.75,
-267.45,
0.0,
1.0
]
}
}
]
},
{
"I": 73,
"DU": 1,
"E": [
{
"SI": {
"SN": "Parts/Hand_GameOver",
"IN": "",
"ST": "G",
"FF": 6,
"LP": "SF",
"TRP": {
"x": 43.75,
"y": 52.45
},
"M3D": [
-0.74859619140625,
0.662567138671875,
0.0,
0.0,
0.662567138671875,
0.74859619140625,
0.0,
0.0,
0.0,
0.0,
1.0,
0.0,
-89.75,
-267.45,
0.0,
1.0
]
}
}
]
},
{
"I": 74,
"DU": 1,
"E": [
{
"SI": {
"SN": "Parts/Hand_GameOver",
"IN": "",
"ST": "G",
"FF": 6,
"LP": "SF",
"TRP": {
"x": 43.75,
"y": 52.45
},
"M3D": [
-0.74859619140625,
0.662567138671875,
0.0,
0.0,
0.662567138671875,
0.74859619140625,
0.0,
0.0,
0.0,
0.0,
1.0,
0.0,
-89.75,
-267.45,
0.0,
1.0
]
}
}
]
},
{
"I": 75,
"DU": 1,
"E": [
{
"SI": {
"SN": "Parts/Hand_GameOver",
"IN": "",
"ST": "G",
"FF": 6,
"LP": "SF",
"TRP": {
"x": 43.75,
"y": 52.45
},
"M3D": [
-0.74859619140625,
0.662567138671875,
0.0,
0.0,
0.662567138671875,
0.74859619140625,
0.0,
0.0,
0.0,
0.0,
1.0,
0.0,
-89.75,
-267.45,
0.0,
1.0
]
}
}
]
},
{
"I": 76,
"DU": 1,
"E": [
{
"SI": {
"SN": "Parts/Hand_GameOver",
"IN": "",
"ST": "G",
"FF": 6,
"LP": "SF",
"TRP": {
"x": 43.75,
"y": 52.45
},
"M3D": [
-0.74859619140625,
0.662567138671875,
0.0,
0.0,
0.662567138671875,
0.74859619140625,
0.0,
0.0,
0.0,
0.0,
1.0,
0.0,
-89.75,
-267.45,
0.0,
1.0
]
}
}
]
},
{
"I": 77,
"DU": 1,
"E": [
{
"SI": {
"SN": "Parts/Hand_GameOver",
"IN": "",
"ST": "G",
"FF": 6,
"LP": "SF",
"TRP": {
"x": 43.75,
"y": 52.45
},
"M3D": [
-0.74859619140625,
0.662567138671875,
0.0,
0.0,
0.662567138671875,
0.74859619140625,
0.0,
0.0,
0.0,
0.0,
1.0,
0.0,
-89.75,
-267.45,
0.0,
1.0
]
}
}
]
},
{
"I": 78,
"DU": 1,
"E": [
{
"SI": {
"SN": "Parts/Hand_GameOver",
"IN": "",
"ST": "G",
"FF": 6,
"LP": "SF",
"TRP": {
"x": 43.75,
"y": 52.45
},
"M3D": [
-0.74859619140625,
0.662567138671875,
0.0,
0.0,
0.662567138671875,
0.74859619140625,
0.0,
0.0,
0.0,
0.0,
1.0,
0.0,
-89.75,
-267.45,
0.0,
1.0
]
}
}
]
},
{
"I": 79,
"DU": 1,
"E": [
{
"SI": {
"SN": "Parts/Hand_GameOver",
"IN": "",
"ST": "G",
"FF": 6,
"LP": "SF",
"TRP": {
"x": 43.75,
"y": 52.45
},
"M3D": [
-0.74859619140625,
0.662567138671875,
0.0,
0.0,
0.662567138671875,
0.74859619140625,
0.0,
0.0,
0.0,
0.0,
1.0,
0.0,
-89.75,
-267.45,
0.0,
1.0
]
}
}
]
},
{
"I": 80,
"DU": 1,
"E": [
{
"SI": {
"SN": "Parts/Hand_GameOver",
"IN": "",
"ST": "G",
"FF": 6,
"LP": "SF",
"TRP": {
"x": 43.75,
"y": 52.45
},
"M3D": [
-0.74859619140625,
0.662567138671875,
0.0,
0.0,
0.662567138671875,
0.74859619140625,
0.0,
0.0,
0.0,
0.0,
1.0,
0.0,
-89.75,
-267.45,
0.0,
1.0
]
}
}
]
},
{
"I": 81,
"DU": 1,
"E": [
{
"SI": {
"SN": "Parts/Hand_GameOver",
"IN": "",
"ST": "G",
"FF": 6,
"LP": "SF",
"TRP": {
"x": 43.75,
"y": 52.45
},
"M3D": [
-0.74859619140625,
0.662567138671875,
0.0,
0.0,
0.662567138671875,
0.74859619140625,
0.0,
0.0,
0.0,
0.0,
1.0,
0.0,
-89.75,
-267.45,
0.0,
1.0
]
}
}
]
},
{
"I": 82,
"DU": 1,
"E": [
{
"SI": {
"SN": "Parts/Hand_GameOver",
"IN": "",
"ST": "G",
"FF": 6,
"LP": "SF",
"TRP": {
"x": 43.75,
"y": 52.45
},
"M3D": [
-0.74859619140625,
0.662567138671875,
0.0,
0.0,
0.662567138671875,
0.74859619140625,
0.0,
0.0,
0.0,
0.0,
1.0,
0.0,
-89.75,
-267.45,
0.0,
1.0
]
}
}
]
},
{
"I": 83,
"DU": 1,
"E": [
{
"SI": {
"SN": "Parts/Hand_GameOver",
"IN": "",
"ST": "G",
"FF": 6,
"LP": "SF",
"TRP": {
"x": 43.75,
"y": 52.45
},
"M3D": [
-0.74859619140625,
0.662567138671875,
0.0,
0.0,
0.662567138671875,
0.74859619140625,
0.0,
0.0,
0.0,
0.0,
1.0,
0.0,
-89.75,
-267.45,
0.0,
1.0
]
}
}
]
},
{
"I": 84,
"DU": 1,
"E": [
{
"SI": {
"SN": "Parts/Hand_GameOver",
"IN": "",
"ST": "G",
"FF": 6,
"LP": "SF",
"TRP": {
"x": 43.75,
"y": 52.45
},
"M3D": [
-0.74859619140625,
0.662567138671875,
0.0,
0.0,
0.662567138671875,
0.74859619140625,
0.0,
0.0,
0.0,
0.0,
1.0,
0.0,
-89.75,
-267.45,
0.0,
1.0
]
}
}
]
},
{
"I": 85,
"DU": 1,
"E": [
{
"SI": {
"SN": "Parts/Hand_GameOver",
"IN": "",
"ST": "G",
"FF": 6,
"LP": "SF",
"TRP": {
"x": 43.75,
"y": 52.45
},
"M3D": [
-0.74859619140625,
0.662567138671875,
0.0,
0.0,
0.662567138671875,
0.74859619140625,
0.0,
0.0,
0.0,
0.0,
1.0,
0.0,
-89.75,
-267.45,
0.0,
1.0
]
}
}
]
},
{
"I": 86,
"DU": 1,
"E": [
{
"SI": {
"SN": "Parts/Hand_GameOver",
"IN": "",
"ST": "G",
"FF": 6,
"LP": "SF",
"TRP": {
"x": 43.75,
"y": 52.45
},
"M3D": [
-0.74859619140625,
0.662567138671875,
0.0,
0.0,
0.662567138671875,
0.74859619140625,
0.0,
0.0,
0.0,
0.0,
1.0,
0.0,
-89.75,
-267.45,
0.0,
1.0
]
}
}
]
},
{
"I": 87,
"DU": 1,
"E": [
{
"SI": {
"SN": "Parts/Hand_GameOver",
"IN": "",
"ST": "G",
"FF": 6,
"LP": "SF",
"TRP": {
"x": 43.75,
"y": 52.45
},
"M3D": [
-0.74859619140625,
0.662567138671875,
0.0,
0.0,
0.662567138671875,
0.74859619140625,
0.0,
0.0,
0.0,
0.0,
1.0,
0.0,
-89.75,
-267.45,
0.0,
1.0
]
}
}
]
},
{
"I": 88,
"DU": 1,
"E": [
{
"SI": {
"SN": "Parts/Hand_GameOver",
"IN": "",
"ST": "G",
"FF": 6,
"LP": "SF",
"TRP": {
"x": 43.75,
"y": 52.45
},
"M3D": [
-0.74859619140625,
0.662567138671875,
0.0,
0.0,
0.662567138671875,
0.74859619140625,
0.0,
0.0,
0.0,
0.0,
1.0,
0.0,
-89.75,
-267.45,
0.0,
1.0
]
}
}
]
},
{
"I": 89,
"DU": 1,
"E": [
{
"SI": {
"SN": "Parts/Hand_GameOver",
"IN": "",
"ST": "G",
"FF": 6,
"LP": "SF",
"TRP": {
"x": 43.75,
"y": 52.45
},
"M3D": [
-0.74859619140625,
0.662567138671875,
0.0,
0.0,
0.662567138671875,
0.74859619140625,
0.0,
0.0,
0.0,
0.0,
1.0,
0.0,
-89.75,
-267.45,
0.0,
1.0
]
}
}
]
},
{
"I": 90,
"DU": 1,
"E": [
{
"SI": {
"SN": "Parts/Hand_GameOver",
"IN": "",
"ST": "G",
"FF": 6,
"LP": "SF",
"TRP": {
"x": 43.75,
"y": 52.45
},
"M3D": [
-0.74859619140625,
0.662567138671875,
0.0,
0.0,
0.662567138671875,
0.74859619140625,
0.0,
0.0,
0.0,
0.0,
1.0,
0.0,
-89.75,
-267.45,
0.0,
1.0
]
}
}
]
},
{
"I": 91,
"DU": 1,
"E": [
{
"SI": {
"SN": "Parts/Hand_GameOver",
"IN": "",
"ST": "G",
"FF": 6,
"LP": "SF",
"TRP": {
"x": 43.75,
"y": 52.45
},
"M3D": [
-0.74859619140625,
0.662567138671875,
0.0,
0.0,
0.662567138671875,
0.74859619140625,
0.0,
0.0,
0.0,
0.0,
1.0,
0.0,
-89.75,
-267.45,
0.0,
1.0
]
}
}
]
},
{
"I": 92,
"DU": 1,
"E": [
{
"SI": {
"SN": "Parts/Hand_GameOver",
"IN": "",
"ST": "G",
"FF": 6,
"LP": "SF",
"TRP": {
"x": 43.75,
"y": 52.45
},
"M3D": [
-0.74859619140625,
0.662567138671875,
0.0,
0.0,
0.662567138671875,
0.74859619140625,
0.0,
0.0,
0.0,
0.0,
1.0,
0.0,
-89.75,
-267.45,
0.0,
1.0
]
}
}
]
},
{
"I": 93,
"DU": 1,
"E": [
{
"SI": {
"SN": "Parts/Hand_GameOver",
"IN": "",
"ST": "G",
"FF": 6,
"LP": "SF",
"TRP": {
"x": 43.75,
"y": 52.45
},
"M3D": [
-0.74859619140625,
0.662567138671875,
0.0,
0.0,
0.662567138671875,
0.74859619140625,
0.0,
0.0,
0.0,
0.0,
1.0,
0.0,
-89.75,
-267.45,
0.0,
1.0
]
}
}
]
},
{
"I": 94,
"DU": 1,
"E": [
{
"SI": {
"SN": "Parts/Hand_GameOver",
"IN": "",
"ST": "G",
"FF": 6,
"LP": "SF",
"TRP": {
"x": 43.85,
"y": 52.400000000000009
},
"M3D": [
-0.82843017578125,
0.5594482421875,
0.0,
0.0,
0.5594482421875,
0.82843017578125,
0.0,
0.0,
0.0,
0.0,
1.0,
0.0,
-80.65,
-260.45,
0.0,
1.0
]
}
}
]
},
{
"I": 95,
"DU": 1,
"E": [
{
"SI": {
"SN": "Parts/Hand_GameOver",
"IN": "",
"ST": "G",
"FF": 6,
"LP": "SF",
"TRP": {
"x": 43.85,
"y": 52.4
},
"M3D": [
-0.82843017578125,
0.5594482421875,
0.0,
0.0,
0.5594482421875,
0.82843017578125,
0.0,
0.0,
0.0,
0.0,
1.0,
0.0,
-80.65,
-260.45,
0.0,
1.0
]
}
}
]
},
{
"I": 96,
"DU": 20,
"E": []
}
]
},
{
"LN": "Head_GameOver",
"FR": [
{
"I": 0,
"DU": 1,
"E": [
{
"SI": {
"SN": "Parts/Head_GameOver",
"IN": "",
"ST": "G",
"FF": 0,
"LP": "SF",
"TRP": {
"x": 118.45,
"y": 182.0
},
"M3D": [
1.0,
0.0,
0.0,
0.0,
0.0,
1.0,
0.0,
0.0,
0.0,
0.0,
1.0,
0.0,
-113.45,
-279.5,
0.0,
1.0
]
}
}
]
},
{
"I": 1,
"DU": 1,
"E": [
{
"SI": {
"SN": "Parts/Head_GameOver",
"IN": "",
"ST": "G",
"FF": 0,
"LP": "SF",
"TRP": {
"x": 118.45,
"y": 182.0
},
"M3D": [
1.0,
0.0,
0.0,
0.0,
0.0,
1.0,
0.0,
0.0,
0.0,
0.0,
1.0,
0.0,
-113.45,
-279.5,
0.0,
1.0
]
}
}
]
},
{
"I": 2,
"DU": 1,
"E": [
{
"SI": {
"SN": "Parts/Head_GameOver",
"IN": "",
"ST": "G",
"FF": 0,
"LP": "SF",
"TRP": {
"x": 118.45,
"y": 182.0
},
"M3D": [
1.0,
0.0,
0.0,
0.0,
0.0,
1.0,
0.0,
0.0,
0.0,
0.0,
1.0,
0.0,
-113.45,
-279.5,
0.0,
1.0
]
}
}
]
},
{
"I": 3,
"DU": 1,
"E": [
{
"SI": {
"SN": "Parts/Head_GameOver",
"IN": "",
"ST": "G",
"FF": 0,
"LP": "SF",
"TRP": {
"x": 118.45,
"y": 182.0
},
"M3D": [
1.0,
0.0,
0.0,
0.0,
0.0,
1.0,
0.0,
0.0,
0.0,
0.0,
1.0,
0.0,
-113.45,
-279.5,
0.0,
1.0
]
}
}
]
},
{
"I": 4,
"DU": 1,
"E": [
{
"SI": {
"SN": "Parts/Head_GameOver",
"IN": "",
"ST": "G",
"FF": 0,
"LP": "SF",
"TRP": {
"x": 118.45,
"y": 182.0
},
"M3D": [
1.0,
0.0,
0.0,
0.0,
0.0,
1.0,
0.0,
0.0,
0.0,
0.0,
1.0,
0.0,
-113.45,
-279.5,
0.0,
1.0
]
}
}
]
},
{
"I": 5,
"DU": 1,
"E": [
{
"SI": {
"SN": "Parts/Head_GameOver",
"IN": "",
"ST": "G",
"FF": 0,
"LP": "SF",
"TRP": {
"x": 118.45,
"y": 182.0
},
"M3D": [
1.0,
0.0,
0.0,
0.0,
0.0,
1.0,
0.0,
0.0,
0.0,
0.0,
1.0,
0.0,
-113.45,
-279.5,
0.0,
1.0
]
}
}
]
},
{
"I": 6,
"DU": 1,
"E": [
{
"SI": {
"SN": "Parts/Head_GameOver",
"IN": "",
"ST": "G",
"FF": 0,
"LP": "SF",
"TRP": {
"x": 118.30000000000001,
"y": 182.10000000000003
},
"M3D": [
0.9979248046875,
-0.0643768310546875,
0.0,
0.0,
0.0643768310546875,
0.9979248046875,
0.0,
0.0,
0.0,
0.0,
1.0,
0.0,
-119.65,
-268.85,
0.0,
1.0
]
}
}
]
},
{
"I": 7,
"DU": 1,
"E": [
{
"SI": {
"SN": "Parts/Head_GameOver",
"IN": "",
"ST": "G",
"FF": 0,
"LP": "SF",
"TRP": {
"x": 118.3,
"y": 182.1
},
"M3D": [
0.9979248046875,
-0.0643768310546875,
0.0,
0.0,
0.0643768310546875,
0.9979248046875,
0.0,
0.0,
0.0,
0.0,
1.0,
0.0,
-119.65,
-268.85,
0.0,
1.0
]
}
}
]
},
{
"I": 8,
"DU": 1,
"E": [
{
"SI": {
"SN": "Parts/Head_GameOver",
"IN": "",
"ST": "G",
"FF": 0,
"LP": "SF",
"TRP": {
"x": 118.3,
"y": 182.1
},
"M3D": [
0.9979248046875,
-0.0643768310546875,
0.0,
0.0,
0.0643768310546875,
0.9979248046875,
0.0,
0.0,
0.0,
0.0,
1.0,
0.0,
-119.65,
-268.85,
0.0,
1.0
]
}
}
]
},
{
"I": 9,
"DU": 1,
"E": [
{
"SI": {
"SN": "Parts/Head_GameOver",
"IN": "",
"ST": "G",
"FF": 0,
"LP": "SF",
"TRP": {
"x": 118.3,
"y": 182.1
},
"M3D": [
0.9979248046875,
-0.0643768310546875,
0.0,
0.0,
0.0643768310546875,
0.9979248046875,
0.0,
0.0,
0.0,
0.0,
1.0,
0.0,
-119.65,
-268.85,
0.0,
1.0
]
}
}
]
},
{
"I": 10,
"DU": 1,
"E": [
{
"SI": {
"SN": "Parts/Head_GameOver",
"IN": "",
"ST": "G",
"FF": 0,
"LP": "SF",
"TRP": {
"x": 118.30000000000001,
"y": 182.05
},
"M3D": [
0.9937744140625,
-0.1113739013671875,
0.0,
0.0,
0.1113739013671875,
0.9937744140625,
0.0,
0.0,
0.0,
0.0,
1.0,
0.0,
-130.1,
-260.75,
0.0,
1.0
]
}
}
]
},
{
"I": 11,
"DU": 1,
"E": [
{
"SI": {
"SN": "Parts/Head_GameOver",
"IN": "",
"ST": "G",
"FF": 0,
"LP": "SF",
"TRP": {
"x": 118.3,
"y": 182.05
},
"M3D": [
0.9937744140625,
-0.1113739013671875,
0.0,
0.0,
0.1113739013671875,
0.9937744140625,
0.0,
0.0,
0.0,
0.0,
1.0,
0.0,
-130.1,
-260.75,
0.0,
1.0
]
}
}
]
},
{
"I": 12,
"DU": 1,
"E": [
{
"SI": {
"SN": "Parts/Head_GameOver",
"IN": "",
"ST": "G",
"FF": 0,
"LP": "SF",
"TRP": {
"x": 118.3,
"y": 182.05
},
"M3D": [
0.9937744140625,
-0.1113739013671875,
0.0,
0.0,
0.1113739013671875,
0.9937744140625,
0.0,
0.0,
0.0,
0.0,
1.0,
0.0,
-130.1,
-260.75,
0.0,
1.0
]
}
}
]
},
{
"I": 13,
"DU": 1,
"E": [
{
"SI": {
"SN": "Parts/Head_GameOver",
"IN": "",
"ST": "G",
"FF": 0,
"LP": "SF",
"TRP": {
"x": 118.35000000000001,
"y": 182.15
},
"M3D": [
0.98797607421875,
-0.15447998046875,
0.0,
0.0,
0.15447998046875,
0.98797607421875,
0.0,
0.0,
0.0,
0.0,
1.0,
0.0,
-140.25,
-260.0,
0.0,
1.0
]
}
}
]
},
{
"I": 14,
"DU": 1,
"E": [
{
"SI": {
"SN": "Parts/Head_GameOver",
"IN": "",
"ST": "G",
"FF": 0,
"LP": "SF",
"TRP": {
"x": 118.35,
"y": 182.15
},
"M3D": [
0.98797607421875,
-0.15447998046875,
0.0,
0.0,
0.15447998046875,
0.98797607421875,
0.0,
0.0,
0.0,
0.0,
1.0,
0.0,
-140.25,
-260.0,
0.0,
1.0
]
}
}
]
},
{
"I": 15,
"DU": 1,
"E": [
{
"SI": {
"SN": "Parts/Head_GameOver",
"IN": "",
"ST": "G",
"FF": 0,
"LP": "SF",
"TRP": {
"x": 118.15,
"y": 182.20000000000003
},
"M3D": [
0.9969940185546875,
-0.0770721435546875,
0.0,
0.0,
0.0770721435546875,
0.9969940185546875,
0.0,
0.0,
0.0,
0.0,
1.0,
0.0,
-132.95,
-266.6,
0.0,
1.0
]
}
}
]
},
{
"I": 16,
"DU": 1,
"E": [
{
"SI": {
"SN": "Parts/Head_GameOver",
"IN": "",
"ST": "G",
"FF": 0,
"LP": "SF",
"TRP": {
"x": 118.15,
"y": 182.25
},
"M3D": [
0.99993896484375,
0.004974365234375,
0.0,
0.0,
-0.004974365234375,
0.99993896484375,
0.0,
0.0,
0.0,
0.0,
1.0,
0.0,
-107.25,
-276.85,
0.0,
1.0
]
}
}
]
},
{
"I": 17,
"DU": 1,
"E": [
{
"SI": {
"SN": "Parts/Head_GameOver",
"IN": "",
"ST": "G",
"FF": 0,
"LP": "SF",
"TRP": {
"x": 118.05,
"y": 182.25
},
"M3D": [
0.99920654296875,
-0.03851318359375,
0.0,
0.0,
0.03851318359375,
0.99920654296875,
0.0,
0.0,
0.0,
0.0,
1.0,
0.0,
-116.9,
-273.4,
0.0,
1.0
]
}
}
]
},
{
"I": 18,
"DU": 1,
"E": [
{
"SI": {
"SN": "Parts/Head_GameOver",
"IN": "",
"ST": "G",
"FF": 0,
"LP": "SF",
"TRP": {
"x": 118.2,
"y": 182.3
},
"M3D": [
0.99993896484375,
0.0001220703125,
0.0,
0.0,
-0.0001220703125,
0.99993896484375,
0.0,
0.0,
0.0,
0.0,
1.0,
0.0,
-111.15,
-279.3,
0.0,
1.0
]
}
}
]
},
{
"I": 19,
"DU": 1,
"E": [
{
"SI": {
"SN": "Parts/Head_GameOver",
"IN": "",
"ST": "G",
"FF": 0,
"LP": "SF",
"TRP": {
"x": 118.15,
"y": 182.25
},
"M3D": [
0.99755859375,
-0.068817138671875,
0.0,
0.0,
0.068817138671875,
0.99755859375,
0.0,
0.0,
0.0,
0.0,
1.0,
0.0,
-124.8,
-273.4,
0.0,
1.0
]
}
}
]
},
{
"I": 20,
"DU": 1,
"E": [
{
"SI": {
"SN": "Parts/Head_GameOver",
"IN": "",
"ST": "G",
"FF": 0,
"LP": "SF",
"TRP": {
"x": 118.10000000000001,
"y": 182.3
},
"M3D": [
0.9945526123046875,
-0.103607177734375,
0.0,
0.0,
0.103607177734375,
0.9945526123046875,
0.0,
0.0,
0.0,
0.0,
1.0,
0.0,
-131.7,
-270.5,
0.0,
1.0
]
}
}
]
},
{
"I": 21,
"DU": 1,
"E": [
{
"SI": {
"SN": "Parts/Head_GameOver",
"IN": "",
"ST": "G",
"FF": 0,
"LP": "SF",
"TRP": {
"x": 118.05,
"y": 182.3
},
"M3D": [
0.986541748046875,
-0.163055419921875,
0.0,
0.0,
0.163055419921875,
0.986541748046875,
0.0,
0.0,
0.0,
0.0,
1.0,
0.0,
-142.5,
-260.65,
0.0,
1.0
]
}
}
]
},
{
"I": 22,
"DU": 1,
"E": [
{
"SI": {
"SN": "Parts/Head_GameOver",
"IN": "",
"ST": "G",
"FF": 0,
"LP": "SF",
"TRP": {
"x": 118.15,
"y": 182.3
},
"M3D": [
0.997283935546875,
-0.0728912353515625,
0.0,
0.0,
0.0728912353515625,
0.997283935546875,
0.0,
0.0,
0.0,
0.0,
1.0,
0.0,
-120.6,
-274.3,
0.0,
1.0
]
}
}
]
},
{
"I": 23,
"DU": 1,
"E": [
{
"SI": {
"SN": "Parts/Head_GameOver",
"IN": "",
"ST": "G",
"FF": 0,
"LP": "SF",
"TRP": {
"x": 118.10000000000001,
"y": 182.35
},
"M3D": [
0.9927215576171875,
-0.1198577880859375,
0.0,
0.0,
0.1198577880859375,
0.9927215576171875,
0.0,
0.0,
0.0,
0.0,
1.0,
0.0,
-124.8,
-284.15,
0.0,
1.0
]
}
}
]
},
{
"I": 24,
"DU": 1,
"E": [
{
"SI": {
"SN": "Parts/Head_GameOver",
"IN": "",
"ST": "G",
"FF": 1,
"LP": "SF",
"TRP": {
"x": 118.2,
"y": 182.3
},
"M3D": [
0.99993896484375,
0.0001220703125,
0.0,
0.0,
-0.0001220703125,
0.99993896484375,
0.0,
0.0,
0.0,
0.0,
1.0,
0.0,
-110.8,
-290.9,
0.0,
1.0
]
}
}
]
},
{
"I": 25,
"DU": 1,
"E": [
{
"SI": {
"SN": "Parts/Head_GameOver",
"IN": "",
"ST": "G",
"FF": 1,
"LP": "SF",
"TRP": {
"x": 118.10000000000001,
"y": 182.35
},
"M3D": [
0.9962158203125,
-0.08624267578125,
0.0,
0.0,
0.08624267578125,
0.9962158203125,
0.0,
0.0,
0.0,
0.0,
1.0,
0.0,
-126.1,
-287.7,
0.0,
1.0
]
}
}
]
},
{
"I": 26,
"DU": 1,
"E": [
{
"SI": {
"SN": "Parts/Head_GameOver",
"IN": "",
"ST": "G",
"FF": 2,
"LP": "SF",
"TRP": {
"x": 118.10000000000001,
"y": 182.35
},
"M3D": [
0.998992919921875,
0.0435943603515625,
0.0,
0.0,
-0.0435943603515625,
0.998992919921875,
0.0,
0.0,
0.0,
0.0,
1.0,
0.0,
-119.7,
-308.55,
0.0,
1.0
]
}
}
]
},
{
"I": 27,
"DU": 1,
"E": [
{
"SI": {
"SN": "Parts/Head_GameOver",
"IN": "",
"ST": "G",
"FF": 2,
"LP": "SF",
"TRP": {
"x": 118.05,
"y": 182.4
},
"M3D": [
0.997802734375,
-0.064910888671875,
0.0,
0.0,
0.064910888671875,
0.997802734375,
0.0,
0.0,
0.0,
0.0,
1.0,
0.0,
-144.75,
-288.8,
0.0,
1.0
]
}
}
]
},
{
"I": 28,
"DU": 1,
"E": [
{
"SI": {
"SN": "Parts/Head_GameOver",
"IN": "",
"ST": "G",
"FF": 2,
"LP": "SF",
"TRP": {
"x": 118.2,
"y": 182.3
},
"M3D": [
0.99993896484375,
0.0001220703125,
0.0,
0.0,
-0.0001220703125,
0.99993896484375,
0.0,
0.0,
0.0,
0.0,
1.0,
0.0,
-125.15,
-300.1,
0.0,
1.0
]
}
}
]
},
{
"I": 29,
"DU": 1,
"E": [
{
"SI": {
"SN": "Parts/Head_GameOver",
"IN": "",
"ST": "G",
"FF": 2,
"LP": "SF",
"TRP": {
"x": 118.15,
"y": 182.3
},
"M3D": [
0.98834228515625,
0.1517333984375,
0.0,
0.0,
-0.1517333984375,
0.98834228515625,
0.0,
0.0,
0.0,
0.0,
1.0,
0.0,
-87.75,
-304.65,
0.0,
1.0
]
}
}
]
},
{
"I": 30,
"DU": 1,
"E": [
{
"SI": {
"SN": "Parts/Head_GameOver",
"IN": "",
"ST": "G",
"FF": 2,
"LP": "SF",
"TRP": {
"x": 118.10000000000001,
"y": 182.3
},
"M3D": [
0.9998779296875,
-0.0081939697265625,
0.0,
0.0,
0.0081939697265625,
0.9998779296875,
0.0,
0.0,
0.0,
0.0,
1.0,
0.0,
-156.1,
-297.2,
0.0,
1.0
]
}
}
]
},
{
"I": 31,
"DU": 1,
"E": [
{
"SI": {
"SN": "Parts/Head_GameOver",
"IN": "",
"ST": "G",
"FF": 2,
"LP": "SF",
"TRP": {
"x": 118.10000000000001,
"y": 182.3
},
"M3D": [
0.98486328125,
-0.1727294921875,
0.0,
0.0,
0.1727294921875,
0.98486328125,
0.0,
0.0,
0.0,
0.0,
1.0,
0.0,
-170.8,
-261.5,
0.0,
1.0
]
}
}
]
},
{
"I": 32,
"DU": 1,
"E": [
{
"SI": {
"SN": "Parts/Head_GameOver",
"IN": "",
"ST": "G",
"FF": 2,
"LP": "SF",
"TRP": {
"x": 118.05,
"y": 182.35
},
"M3D": [
0.997161865234375,
-0.0739288330078125,
0.0,
0.0,
0.0739288330078125,
0.997161865234375,
0.0,
0.0,
0.0,
0.0,
1.0,
0.0,
-144.9,
-284.7,
0.0,
1.0
]
}
}
]
},
{
"I": 33,
"DU": 1,
"E": [
{
