{"AN":{"N":"Call Sprites","SN":"EliCompilation","TL":{"L":[{"LN":"Layer_1","FR":[{"I":0,"DU":1,"E":[{"SI":{"SN":"Elisocray/Anims/idle","IN":"","ST":"G","FF":0,"LP":"LP","TRP":{"x":637.3000000000001,"y":591.35},"M3D":[1.0,0.0,0.0,0.0,0.0,1.0,0.0,0.0,0.0,0.0,1.0,0.0,-64.3,-950.0,0.0,1.0]}},{"SI":{"SN":"Elisocray/Anims/up","IN":"","ST":"G","FF":0,"LP":"LP","TRP":{"x":645.4000000000001,"y":550.5},"M3D":[1.0,0.0,0.0,0.0,0.0,1.0,0.0,0.0,0.0,0.0,1.0,0.0,2079.15,261.9,0.0,1.0]}},{"SI":{"SN":"Elisocray/Anims/right","IN":"","ST":"G","FF":0,"LP":"LP","TRP":{"x":669.3,"y":592.95},"M3D":[1.0,0.0,0.0,0.0,0.0,1.0,0.0,0.0,0.0,0.0,1.0,0.0,3115.8,262.15,0.0,1.0]}},{"SI":{"SN":"Elisocray/Anims/left","IN":"","ST":"G","FF":0,"LP":"LP","TRP":{"x":544.5,"y":576.65},"M3D":[1.0,0.0,0.0,0.0,0.0,1.0,0.0,0.0,0.0,0.0,1.0,0.0,24.85,257.6,0.0,1.0]}},{"SI":{"SN":"Elisocray/Anims/down","IN":"","ST":"G","FF":0,"LP":"LP","TRP":{"x":634.35,"y":633.7},"M3D":[1.0,0.0,0.0,0.0,0.0,1.0,0.0,0.0,0.0,0.0,1.0,0.0,1061.55,263.05,0.0,1.0]}}]}]}]}},"SD":{"S":[{"SN":"Elisocray/Anims/idle","TL":{"L":[{"LN":"fave","FR":[{"I":0,"DU":2,"E":[{"SI":{"SN":"Elisocray/Parts/fave","IN":"","ST":"G","FF":0,"LP":"LP","TRP":{"x":136.8,"y":127.7},"M3D":[0.9993896484375,-0.0349273681640625,0.0,0.0,0.0349273681640625,0.9993896484375,0.0,0.0,0.0,0.0,1.0,0.0,-71.1,-670.55,0.0,1.0]}}]},{"I":2,"DU":2,"E":[{"SI":{"SN":"Elisocray/Parts/fave","IN":"","ST":"G","FF":0,"LP":"LP","TRP":{"x":136.95000000000003,"y":127.95},"M3D":[0.998626708984375,-0.051666259765625,0.0,0.0,0.051666259765625,0.998626708984375,0.0,0.0,0.0,0.0,1.0,0.0,-66.85,-672.05,0.0,1.0]}}]},{"I":4,"DU":2,"E":[{"SI":{"SN":"Elisocray/Parts/fave","IN":"","ST":"G","FF":0,"LP":"LP","TRP":{"x":136.95,"y":127.9},"M3D":[0.99896240234375,-0.04486083984375,0.0,0.0,0.04486083984375,0.99896240234375,0.0,0.0,0.0,0.0,1.0,0.0,-62.15,-679.05,0.0,1.0]}}]},{"I":6,"DU":2,"E":[{"SI":{"SN":"Elisocray/Parts/fave","IN":"","ST":"G","FF":0,"LP":"LP","TRP":{"x":137.0,"y":127.9},"M3D":[0.9991912841796875,-0.039337158203125,0.0,0.0,0.039337158203125,0.9991912841796875,0.0,0.0,0.0,0.0,1.0,0.0,-61.25,-681.75,0.0,1.0]}}]},{"I":8,"DU":6,"E":[{"SI":{"SN":"Elisocray/Parts/fave","IN":"","ST":"G","FF":0,"LP":"LP","TRP":{"x":137.4,"y":128.1},"M3D":[0.99932861328125,-0.03375244140625,0.0,0.0,0.03375244140625,0.99932861328125,0.0,0.0,0.0,0.0,1.0,0.0,-61.15,-683.4,0.0,1.0]}}]},{"I":14,"DU":1,"E":[{"SI":{"SN":"Elisocray/Parts/fave","IN":"","ST":"G","FF":0,"LP":"LP","TRP":{"x":137.20000000000003,"y":128.0},"M3D":[0.999359130859375,-0.033782958984375,0.0,0.0,0.033782958984375,0.999359130859375,0.0,0.0,0.0,0.0,1.0,0.0,-63.25,-681.45,0.0,1.0]}}]}]},{"LN":"head","FR":[{"I":0,"DU":2,"E":[{"SI":{"SN":"Elisocray/Parts/head","IN":"","ST":"G","FF":0,"LP":"LP","TRP":{"x":374.4,"y":290.7},"M3D":[0.9993896484375,-0.0349273681640625,0.0,0.0,0.0349273681640625,0.9993896484375,0.0,0.0,0.0,0.0,1.0,0.0,-142.6,-969.75,0.0,1.0]}}]},{"I":2,"DU":2,"E":[{"SI":{"SN":"Elisocray/Parts/head","IN":"","ST":"G","FF":0,"LP":"LP","TRP":{"x":374.65000000000006,"y":290.85},"M3D":[0.998626708984375,-0.051666259765625,0.0,0.0,0.051666259765625,0.998626708984375,0.0,0.0,0.0,0.0,1.0,0.0,-143.4,-969.9,0.0,1.0]}}]},{"I":4,"DU":2,"E":[{"SI":{"SN":"Elisocray/Parts/head","IN":"","ST":"G","FF":0,"LP":"LP","TRP":{"x":374.65,"y":290.9},"M3D":[0.99896240234375,-0.04486083984375,0.0,0.0,0.04486083984375,0.99896240234375,0.0,0.0,0.0,0.0,1.0,0.0,-136.7,-977.5,0.0,1.0]}}]},{"I":6,"DU":2,"E":[{"SI":{"SN":"Elisocray/Parts/head","IN":"","ST":"G","FF":0,"LP":"LP","TRP":{"x":374.65,"y":290.95},"M3D":[0.9991912841796875,-0.039337158203125,0.0,0.0,0.039337158203125,0.9991912841796875,0.0,0.0,0.0,0.0,1.0,0.0,-134.1,-980.65,0.0,1.0]}}]},{"I":8,"DU":6,"E":[{"SI":{"SN":"Elisocray/Parts/head","IN":"","ST":"G","FF":0,"LP":"LP","TRP":{"x":375.1,"y":291.2},"M3D":[0.99932861328125,-0.03375244140625,0.0,0.0,0.03375244140625,0.99932861328125,0.0,0.0,0.0,0.0,1.0,0.0,-132.45,-982.65,0.0,1.0]}}]},{"I":14,"DU":1,"E":[{"SI":{"SN":"Elisocray/Parts/head","IN":"","ST":"G","FF":0,"LP":"LP","TRP":{"x":374.9,"y":291.1},"M3D":[0.999359130859375,-0.033782958984375,0.0,0.0,0.033782958984375,0.999359130859375,0.0,0.0,0.0,0.0,1.0,0.0,-134.55,-980.7,0.0,1.0]}}]}]},{"LN":"arm_no_phone","FR":[{"I":0,"DU":2,"E":[{"SI":{"SN":"Elisocray/Parts/arm no phone","IN":"","ST":"G","FF":0,"LP":"LP","TRP":{"x":189.3,"y":310.2},"M3D":[0.999786376953125,0.020660400390625,0.0,0.0,-0.020660400390625,0.999786376953125,0.0,0.0,0.0,0.0,1.0,0.0,168.25,-417.75,0.0,1.0]}}]},{"I":2,"DU":2,"E":[{"SI":{"SN":"Elisocray/Parts/arm no phone","IN":"","ST":"G","FF":0,"LP":"LP","TRP":{"x":189.35,"y":310.25},"M3D":[0.999298095703125,0.0372161865234375,0.0,0.0,-0.0372161865234375,0.999298095703125,0.0,0.0,0.0,0.0,1.0,0.0,176.45,-423.7,0.0,1.0]}}]},{"I":4,"DU":2,"E":[{"SI":{"SN":"Elisocray/Parts/arm no phone","IN":"","ST":"G","FF":0,"LP":"LP","TRP":{"x":189.45,"y":310.35},"M3D":[0.9996337890625,0.0261688232421875,0.0,0.0,-0.0261688232421875,0.9996337890625,0.0,0.0,0.0,0.0,1.0,0.0,175.95,-424.75,0.0,1.0]}}]},{"I":6,"DU":2,"E":[{"SI":{"SN":"Elisocray/Parts/arm no phone","IN":"","ST":"G","FF":0,"LP":"LP","TRP":{"x":189.45,"y":310.35},"M3D":[0.999755859375,0.0206451416015625,0.0,0.0,-0.0206451416015625,0.999755859375,0.0,0.0,0.0,0.0,1.0,0.0,175.2,-424.75,0.0,1.0]}}]},{"I":8,"DU":6,"E":[{"SI":{"SN":"Elisocray/Parts/arm no phone","IN":"","ST":"G","FF":0,"LP":"LP","TRP":{"x":189.45,"y":310.35},"M3D":[0.999755859375,0.0206451416015625,0.0,0.0,-0.0206451416015625,0.999755859375,0.0,0.0,0.0,0.0,1.0,0.0,175.2,-424.75,0.0,1.0]}}]},{"I":14,"DU":1,"E":[{"SI":{"SN":"Elisocray/Parts/arm no phone","IN":"","ST":"G","FF":0,"LP":"LP","TRP":{"x":189.45,"y":310.4},"M3D":[0.999847412109375,0.0151214599609375,0.0,0.0,-0.0151214599609375,0.999847412109375,0.0,0.0,0.0,0.0,1.0,0.0,172.45,-422.75,0.0,1.0]}}]}]},{"LN":"body","FR":[{"I":0,"DU":2,"E":[{"SI":{"SN":"Elisocray/Parts/body","IN":"","ST":"G","FF":0,"LP":"LP","TRP":{"x":342.20000000000007,"y":488.20000000000007},"M3D":[1.0127105712890626,0.0,0.0,0.0,-0.0097503662109375,0.9853973388671875,0.0,0.0,0.0,0.0,1.0,0.0,-436.7,-908.9,0.0,1.0]}}]},{"I":2,"DU":2,"E":[{"SI":{"SN":"Elisocray/Parts/body","IN":"","ST":"G","FF":0,"LP":"LP","TRP":{"x":342.05,"y":488.15},"M3D":[1.01300048828125,0.0,0.0,0.0,-0.0141448974609375,0.989044189453125,0.0,0.0,0.0,0.0,1.0,0.0,-432.4,-912.55,0.0,1.0]}}]},{"I":4,"DU":2,"E":[{"SI":{"SN":"Elisocray/Parts/body","IN":"","ST":"G","FF":0,"LP":"LP","TRP":{"x":342.1,"y":488.15000000000006},"M3D":[1.00628662109375,0.0,0.0,0.0,-0.0182952880859375,0.9981689453125,0.0,0.0,0.0,0.0,1.0,0.0,-426.1,-921.4,0.0,1.0]}}]},{"I":6,"DU":2,"E":[{"SI":{"SN":"Elisocray/Parts/body","IN":"","ST":"G","FF":0,"LP":"LP","TRP":{"x":342.1,"y":488.15},"M3D":[1.0,0.0,0.0,0.0,-0.019989013671875,1.0,0.0,0.0,0.0,0.0,1.0,0.0,-422.3,-923.25,0.0,1.0]}}]},{"I":8,"DU":6,"E":[{"SI":{"SN":"Elisocray/Parts/body","IN":"","ST":"G","FF":0,"LP":"LP","TRP":{"x":342.05,"y":488.15},"M3D":[1.0,0.0,0.0,0.0,-0.018341064453125,1.0,0.0,0.0,0.0,0.0,1.0,0.0,-423.9,-923.25,0.0,1.0]}}]},{"I":14,"DU":1,"E":[{"SI":{"SN":"Elisocray/Parts/body","IN":"","ST":"G","FF":0,"LP":"LP","TRP":{"x":342.05,"y":488.15},"M3D":[1.0,0.0,0.0,0.0,-0.016143798828125,1.0,0.0,0.0,0.0,0.0,1.0,0.0,-426.05,-923.25,0.0,1.0]}}]}]},{"LN":"hand","FR":[{"I":0,"DU":2,"E":[{"SI":{"SN":"Elisocray/Parts/hand","IN":"","ST":"G","FF":0,"LP":"LP","TRP":{"x":156.35,"y":183.10000000000003},"M3D":[0.92352294921875,-0.383392333984375,0.0,0.0,0.383392333984375,0.92352294921875,0.0,0.0,0.0,0.0,1.0,0.0,-653.05,-459.75,0.0,1.0]}}]},{"I":2,"DU":2,"E":[{"SI":{"SN":"Elisocray/Parts/hand","IN":"","ST":"G","FF":0,"LP":"LP","TRP":{"x":156.3,"y":183.1},"M3D":[0.9197235107421875,-0.392364501953125,0.0,0.0,0.392364501953125,0.9197235107421875,0.0,0.0,0.0,0.0,1.0,0.0,-652.15,-460.65,0.0,1.0]}}]},{"I":4,"DU":2,"E":[{"SI":{"SN":"Elisocray/Parts/hand","IN":"","ST":"G","FF":0,"LP":"LP","TRP":{"x":156.35,"y":183.05},"M3D":[0.92657470703125,-0.3758544921875,0.0,0.0,0.3758544921875,0.92657470703125,0.0,0.0,0.0,0.0,1.0,0.0,-649.15,-468.5,0.0,1.0]}}]},{"I":6,"DU":2,"E":[{"SI":{"SN":"Elisocray/Parts/hand","IN":"","ST":"G","FF":0,"LP":"LP","TRP":{"x":156.35,"y":183.1},"M3D":[0.9294891357421875,-0.368621826171875,0.0,0.0,0.368621826171875,0.9294891357421875,0.0,0.0,0.0,0.0,1.0,0.0,-648.2,-471.25,0.0,1.0]}}]},{"I":8,"DU":6,"E":[{"SI":{"SN":"Elisocray/Parts/hand","IN":"","ST":"G","FF":0,"LP":"LP","TRP":{"x":156.3,"y":183.10000000000003},"M3D":[0.9315032958984375,-0.36346435546875,0.0,0.0,0.36346435546875,0.9315032958984375,0.0,0.0,0.0,0.0,1.0,0.0,-647.5,-472.35,0.0,1.0]}}]},{"I":14,"DU":1,"E":[{"SI":{"SN":"Elisocray/Parts/hand","IN":"","ST":"G","FF":0,"LP":"LP","TRP":{"x":156.3,"y":183.15},"M3D":[0.9334716796875,-0.3583221435546875,0.0,0.0,0.3583221435546875,0.9334716796875,0.0,0.0,0.0,0.0,1.0,0.0,-647.8,-471.55,0.0,1.0]}}]}]},{"LN":"arm_under","FR":[{"I":0,"DU":2,"E":[{"SI":{"SN":"Elisocray/Parts/arm under","IN":"","ST":"G","FF":0,"LP":"LP","TRP":{"x":209.95000000000003,"y":121.35000000000001},"M3D":[0.99371337890625,-0.11175537109375,0.0,0.0,0.11175537109375,0.99371337890625,0.0,0.0,0.0,0.0,1.0,0.0,-346.3,-363.85,0.0,1.0]}}]},{"I":2,"DU":2,"E":[{"SI":{"SN":"Elisocray/Parts/arm under","IN":"","ST":"G","FF":0,"LP":"LP","TRP":{"x":210.0,"y":121.3},"M3D":[0.9916229248046875,-0.12908935546875,0.0,0.0,0.12908935546875,0.9916229248046875,0.0,0.0,0.0,0.0,1.0,0.0,-348.05,-363.95,0.0,1.0]}}]},{"I":4,"DU":2,"E":[{"SI":{"SN":"Elisocray/Parts/arm under","IN":"","ST":"G","FF":0,"LP":"LP","TRP":{"x":209.95,"y":121.4},"M3D":[0.993133544921875,-0.1168212890625,0.0,0.0,0.1168212890625,0.993133544921875,0.0,0.0,0.0,0.0,1.0,0.0,-346.85,-370.8,0.0,1.0]}}]},{"I":6,"DU":2,"E":[{"SI":{"SN":"Elisocray/Parts/arm under","IN":"","ST":"G","FF":0,"LP":"LP","TRP":{"x":210.0,"y":121.45},"M3D":[0.9937591552734375,-0.111328125,0.0,0.0,0.111328125,0.9937591552734375,0.0,0.0,0.0,0.0,1.0,0.0,-346.25,-373.05,0.0,1.0]}}]},{"I":8,"DU":6,"E":[{"SI":{"SN":"Elisocray/Parts/arm under","IN":"","ST":"G","FF":0,"LP":"LP","TRP":{"x":210.0,"y":121.45},"M3D":[0.9937591552734375,-0.111328125,0.0,0.0,0.111328125,0.9937591552734375,0.0,0.0,0.0,0.0,1.0,0.0,-346.25,-373.05,0.0,1.0]}}]},{"I":14,"DU":1,"E":[{"SI":{"SN":"Elisocray/Parts/arm under","IN":"","ST":"G","FF":0,"LP":"LP","TRP":{"x":210.05,"y":121.45},"M3D":[0.994354248046875,-0.1058349609375,0.0,0.0,0.1058349609375,0.994354248046875,0.0,0.0,0.0,0.0,1.0,0.0,-346.7,-373.25,0.0,1.0]}}]}]}]}},{"SN":"Elisocray/Parts/fave","TL":{"L":[{"LN":"Layer_2","FR":[{"I":0,"DU":1,"E":[{"ASI":{"N":"0000","M3D":[1.4925079345703126,0.0,0.0,0.0,0.0,1.4925079345703126,0.0,0.0,0.0,0.0,1.0,0.0,0.0,0.0,0.0,1.0]}}]}]}]}},{"SN":"Elisocray/Parts/head","TL":{"L":[{"LN":"Layer_2","FR":[{"I":0,"DU":1,"E":[{"ASI":{"N":"0001","M3D":[1.4925079345703126,0.0,0.0,0.0,0.0,1.4925079345703126,0.0,0.0,0.0,0.0,1.0,0.0,0.0,0.0,0.0,1.0]}}]}]}]}},{"SN":"Elisocray/Parts/arm no phone","TL":{"L":[{"LN":"Layer_2","FR":[{"I":0,"DU":1,"E":[{"ASI":{"N":"0002","M3D":[1.4925079345703126,0.0,0.0,0.0,0.0,1.4925079345703126,0.0,0.0,0.0,0.0,1.0,0.0,0.0,0.0,0.0,1.0]}}]}]}]}},{"SN":"Elisocray/Parts/body","TL":{"L":[{"LN":"Layer_2","FR":[{"I":0,"DU":1,"E":[{"ASI":{"N":"0003","M3D":[1.364044189453125,0.0,0.0,0.0,0.0,1.364044189453125,0.0,0.0,0.0,0.0,1.0,0.0,200.5,428.3,0.0,1.0]}}]}]}]}},{"SN":"Elisocray/Parts/hand","TL":{"L":[{"LN":"Layer_4","FR":[{"I":0,"DU":1,"E":[{"ASI":{"N":"0004","M3D":[1.492523193359375,0.0,0.0,0.0,0.0,1.492523193359375,0.0,0.0,0.0,0.0,1.0,0.0,1.45,4.45,0.0,1.0]}}]}]}]}},{"SN":"Elisocray/Parts/arm under","TL":{"L":[{"LN":"Layer_2","FR":[{"I":0,"DU":1,"E":[{"ASI":{"N":"0005","M3D":[1.492523193359375,0.0,0.0,0.0,0.0,1.492523193359375,0.0,0.0,0.0,0.0,1.0,0.0,0.0,0.0,0.0,1.0]}}]}]}]}},{"SN":"Elisocray/Anims/up","TL":{"L":[{"LN":"fave","FR":[{"I":0,"DU":2,"E":[{"ASI":{"N":"0006","M3D":[1.492523193359375,0.0,0.0,0.0,0.0,1.492523193359375,0.0,0.0,0.0,0.0,1.0,0.0,-64.15,-953.7,0.0,1.0]}}]},{"I":2,"DU":2,"E":[{"ASI":{"N":"0007","M3D":[1.492523193359375,0.0,0.0,0.0,0.0,1.492523193359375,0.0,0.0,0.0,0.0,1.0,0.0,-64.15,-950.7,0.0,1.0]}}]},{"I":4,"DU":2,"E":[{"ASI":{"N":"0008","M3D":[1.492523193359375,0.0,0.0,0.0,0.0,1.492523193359375,0.0,0.0,0.0,0.0,1.0,0.0,-64.15,-946.25,0.0,1.0]}}]},{"I":6,"DU":9,"E":[{"ASI":{"N":"0009","M3D":[1.492523193359375,0.0,0.0,0.0,0.0,1.492523193359375,0.0,0.0,0.0,0.0,1.0,0.0,-64.15,-944.75,0.0,1.0]}}]}]},{"LN":"head","FR":[{"I":0,"DU":2,"E":[{"SI":{"SN":"Elisocray/Parts/head","IN":"","ST":"G","FF":0,"LP":"LP","TRP":{"x":375.15,"y":291.15},"M3D":[0.99432373046875,0.1053314208984375,0.0,0.0,-0.1053314208984375,0.99432373046875,0.0,0.0,0.0,0.0,1.0,0.0,-89.4,-1075.2,0.0,1.0]}}]},{"I":2,"DU":2,"E":[{"SI":{"SN":"Elisocray/Parts/head","IN":"","ST":"G","FF":0,"LP":"LP","TRP":{"x":375.2,"y":291.1},"M3D":[0.993560791015625,0.112091064453125,0.0,0.0,-0.112091064453125,0.993560791015625,0.0,0.0,0.0,0.0,1.0,0.0,-87.15,-1074.6,0.0,1.0]}}]},{"I":4,"DU":2,"E":[{"SI":{"SN":"Elisocray/Parts/head","IN":"","ST":"G","FF":0,"LP":"LP","TRP":{"x":375.2,"y":291.1},"M3D":[0.9938201904296875,0.109832763671875,0.0,0.0,-0.109832763671875,0.9938201904296875,0.0,0.0,0.0,0.0,1.0,0.0,-87.9,-1069.45,0.0,1.0]}}]},{"I":6,"DU":9,"E":[{"SI":{"SN":"Elisocray/Parts/head","IN":"","ST":"G","FF":0,"LP":"LP","TRP":{"x":375.2,"y":291.1},"M3D":[0.994384765625,0.104339599609375,0.0,0.0,-0.104339599609375,0.994384765625,0.0,0.0,0.0,0.0,1.0,0.0,-89.7,-1066.1,0.0,1.0]}}]}]},{"LN":"arm_no_phone","FR":[{"I":0,"DU":2,"E":[{"SI":{"SN":"Elisocray/Parts/arm no phone","IN":"","ST":"G","FF":0,"LP":"LP","TRP":{"x":189.5,"y":310.4},"M3D":[0.99761962890625,0.0680999755859375,0.0,0.0,-0.0680999755859375,0.99761962890625,0.0,0.0,0.0,0.0,1.0,0.0,191.1,-456.25,0.0,1.0]}}]},{"I":2,"DU":2,"E":[{"SI":{"SN":"Elisocray/Parts/arm no phone","IN":"","ST":"G","FF":0,"LP":"LP","TRP":{"x":189.45,"y":310.4},"M3D":[0.998199462890625,0.059051513671875,0.0,0.0,-0.059051513671875,0.998199462890625,0.0,0.0,0.0,0.0,1.0,0.0,188.2,-450.35,0.0,1.0]}}]},{"I":4,"DU":2,"E":[{"SI":{"SN":"Elisocray/Parts/arm no phone","IN":"","ST":"G","FF":0,"LP":"LP","TRP":{"x":189.5,"y":310.4},"M3D":[0.9984588623046875,0.0545196533203125,0.0,0.0,-0.0545196533203125,0.9984588623046875,0.0,0.0,0.0,0.0,1.0,0.0,186.7,-446.7,0.0,1.0]}}]},{"I":6,"DU":9,"E":[{"SI":{"SN":"Elisocray/Parts/arm no phone","IN":"","ST":"G","FF":0,"LP":"LP","TRP":{"x":189.60000000000003,"y":310.45},"M3D":[0.998138427734375,0.060028076171875,0.0,0.0,-0.060028076171875,0.998138427734375,0.0,0.0,0.0,0.0,1.0,0.0,188.4,-446.15,0.0,1.0]}}]}]},{"LN":"body","FR":[{"I":0,"DU":2,"E":[{"SI":{"SN":"Elisocray/Parts/body","IN":"","ST":"G","FF":0,"LP":"LP","TRP":{"x":342.3,"y":488.0},"M3D":[0.98785400390625,0.0,0.0,0.0,-0.0200347900390625,1.093994140625,0.0,0.0,0.0,0.0,1.0,0.0,-417.4,-1013.35,0.0,1.0]}}]},{"I":2,"DU":2,"E":[{"SI":{"SN":"Elisocray/Parts/body","IN":"","ST":"G","FF":0,"LP":"LP","TRP":{"x":342.20000000000007,"y":488.0},"M3D":[0.99603271484375,0.0,0.0,0.0,-0.0199432373046875,1.0888519287109376,0.0,0.0,0.0,0.0,1.0,0.0,-420.25,-1008.3,0.0,1.0]}}]},{"I":4,"DU":2,"E":[{"SI":{"SN":"Elisocray/Parts/body","IN":"","ST":"G","FF":0,"LP":"LP","TRP":{"x":342.1,"y":488.15000000000006},"M3D":[1.0,0.0,0.0,0.0,-0.0198974609375,1.086273193359375,0.0,0.0,0.0,0.0,1.0,0.0,-421.65,-1005.85,0.0,1.0]}}]},{"I":6,"DU":9,"E":[{"SI":{"SN":"Elisocray/Parts/body","IN":"","ST":"G","FF":0,"LP":"LP","TRP":{"x":342.1,"y":488.15000000000006},"M3D":[1.0,0.0,0.0,0.0,-0.0198974609375,1.086273193359375,0.0,0.0,0.0,0.0,1.0,0.0,-421.65,-1005.85,0.0,1.0]}}]}]},{"LN":"hand","FR":[{"I":0,"DU":2,"E":[{"SI":{"SN":"Elisocray/Parts/hand","IN":"","ST":"G","FF":0,"LP":"LP","TRP":{"x":156.3,"y":183.15},"M3D":[0.90069580078125,-0.4341888427734375,0.0,0.0,0.4341888427734375,0.90069580078125,0.0,0.0,0.0,0.0,1.0,0.0,-654.9,-466.25,0.0,1.0]}}]},{"I":2,"DU":2,"E":[{"SI":{"SN":"Elisocray/Parts/hand","IN":"","ST":"G","FF":0,"LP":"LP","TRP":{"x":156.3,"y":183.25},"M3D":[0.9058074951171875,-0.42333984375,0.0,0.0,0.42333984375,0.9058074951171875,0.0,0.0,0.0,0.0,1.0,0.0,-653.5,-467.9,0.0,1.0]}}]},{"I":4,"DU":2,"E":[{"SI":{"SN":"Elisocray/Parts/hand","IN":"","ST":"G","FF":0,"LP":"LP","TRP":{"x":156.3,"y":183.3},"M3D":[0.90484619140625,-0.4253997802734375,0.0,0.0,0.4253997802734375,0.90484619140625,0.0,0.0,0.0,0.0,1.0,0.0,-653.8,-462.65,0.0,1.0]}}]},{"I":6,"DU":9,"E":[{"SI":{"SN":"Elisocray/Parts/hand","IN":"","ST":"G","FF":0,"LP":"LP","TRP":{"x":156.25,"y":183.3},"M3D":[0.9024658203125,-0.430389404296875,0.0,0.0,0.430389404296875,0.9024658203125,0.0,0.0,0.0,0.0,1.0,0.0,-654.25,-459.1,0.0,1.0]}}]}]},{"LN":"arm_under","FR":[{"I":0,"DU":2,"E":[{"SI":{"SN":"Elisocray/Parts/arm under","IN":"","ST":"G","FF":0,"LP":"LP","TRP":{"x":209.95000000000003,"y":121.45},"M3D":[0.982177734375,-0.1876068115234375,0.0,0.0,0.1876068115234375,0.982177734375,0.0,0.0,0.0,0.0,1.0,0.0,-346.9,-390.35,0.0,1.0]}}]},{"I":2,"DU":2,"E":[{"SI":{"SN":"Elisocray/Parts/arm under","IN":"","ST":"G","FF":0,"LP":"LP","TRP":{"x":210.05,"y":121.60000000000001},"M3D":[0.9843597412109375,-0.17578125,0.0,0.0,0.17578125,0.9843597412109375,0.0,0.0,0.0,0.0,1.0,0.0,-346.55,-388.35,0.0,1.0]}}]},{"I":4,"DU":2,"E":[{"SI":{"SN":"Elisocray/Parts/arm under","IN":"","ST":"G","FF":0,"LP":"LP","TRP":{"x":210.10000000000003,"y":121.55},"M3D":[0.9839324951171875,-0.17803955078125,0.0,0.0,0.17803955078125,0.9839324951171875,0.0,0.0,0.0,0.0,1.0,0.0,-346.6,-383.85,0.0,1.0]}}]},{"I":6,"DU":9,"E":[{"SI":{"SN":"Elisocray/Parts/arm under","IN":"","ST":"G","FF":0,"LP":"LP","TRP":{"x":210.15,"y":121.6},"M3D":[0.9828948974609375,-0.1834716796875,0.0,0.0,0.1834716796875,0.9828948974609375,0.0,0.0,0.0,0.0,1.0,0.0,-346.75,-382.0,0.0,1.0]}}]}]}]}},{"SN":"Elisocray/Anims/right","TL":{"L":[{"LN":"fave","FR":[{"I":0,"DU":2,"E":[{"ASI":{"N":"0010","M3D":[1.492523193359375,0.0,0.0,0.0,0.0,1.492523193359375,0.0,0.0,0.0,0.0,1.0,0.0,1.45,-767.15,0.0,1.0]}}]},{"I":2,"DU":2,"E":[{"ASI":{"N":"0011","M3D":[1.492523193359375,0.0,0.0,0.0,0.0,1.492523193359375,0.0,0.0,0.0,0.0,1.0,0.0,-7.45,-767.15,0.0,1.0]}}]},{"I":4,"DU":2,"E":[{"ASI":{"N":"0012","M3D":[1.492523193359375,0.0,0.0,0.0,0.0,1.492523193359375,0.0,0.0,0.0,0.0,1.0,0.0,-11.9,-767.15,0.0,1.0]}}]},{"I":6,"DU":9,"E":[{"ASI":{"N":"0013","M3D":[1.492523193359375,0.0,0.0,0.0,0.0,1.492523193359375,0.0,0.0,0.0,0.0,1.0,0.0,-13.4,-767.15,0.0,1.0]}}]}]},{"LN":"head","FR":[{"I":0,"DU":2,"E":[{"SI":{"SN":"Elisocray/Parts/head","IN":"","ST":"G","FF":0,"LP":"LP","TRP":{"x":375.2,"y":291.35},"M3D":[0.9980926513671875,-0.0598907470703125,0.0,0.0,0.0598907470703125,0.9980926513671875,0.0,0.0,0.0,0.0,1.0,0.0,-91.4,-982.5,0.0,1.0]}}]},{"I":2,"DU":2,"E":[{"SI":{"SN":"Elisocray/Parts/head","IN":"","ST":"G","FF":0,"LP":"LP","TRP":{"x":375.25,"y":291.35},"M3D":[0.9969482421875,-0.076416015625,0.0,0.0,0.076416015625,0.9969482421875,0.0,0.0,0.0,0.0,1.0,0.0,-107.15,-977.4,0.0,1.0]}}]},{"I":4,"DU":2,"E":[{"SI":{"SN":"Elisocray/Parts/head","IN":"","ST":"G","FF":0,"LP":"LP","TRP":{"x":375.25,"y":291.45},"M3D":[0.997802734375,-0.0641021728515625,0.0,0.0,0.0641021728515625,0.997802734375,0.0,0.0,0.0,0.0,1.0,0.0,-106.85,-980.85,0.0,1.0]}}]},{"I":6,"DU":9,"E":[{"SI":{"SN":"Elisocray/Parts/head","IN":"","ST":"G","FF":0,"LP":"LP","TRP":{"x":375.45,"y":291.6},"M3D":[0.9979705810546875,-0.060821533203125,0.0,0.0,0.060821533203125,0.9979705810546875,0.0,0.0,0.0,0.0,1.0,0.0,-107.0,-982.2,0.0,1.0]}}]}]},{"LN":"arm_no_phone","FR":[{"I":0,"DU":2,"E":[{"SI":{"SN":"Elisocray/Parts/arm no phone","IN":"","ST":"G","FF":0,"LP":"LP","TRP":{"x":189.5,"y":310.45},"M3D":[0.987335205078125,0.1583251953125,0.0,0.0,-0.1583251953125,0.987335205078125,0.0,0.0,0.0,0.0,1.0,0.0,246.55,-435.35,0.0,1.0]}}]},{"I":2,"DU":2,"E":[{"SI":{"SN":"Elisocray/Parts/arm no phone","IN":"","ST":"G","FF":0,"LP":"LP","TRP":{"x":189.55,"y":310.45},"M3D":[0.990386962890625,0.13787841796875,0.0,0.0,-0.13787841796875,0.990386962890625,0.0,0.0,0.0,0.0,1.0,0.0,236.7,-432.45,0.0,1.0]}}]},{"I":4,"DU":2,"E":[{"SI":{"SN":"Elisocray/Parts/arm no phone","IN":"","ST":"G","FF":0,"LP":"LP","TRP":{"x":189.55,"y":310.45},"M3D":[0.9892578125,0.14556884765625,0.0,0.0,-0.14556884765625,0.9892578125,0.0,0.0,0.0,0.0,1.0,0.0,234.95,-433.5,0.0,1.0]}}]},{"I":6,"DU":9,"E":[{"SI":{"SN":"Elisocray/Parts/arm no phone","IN":"","ST":"G","FF":0,"LP":"LP","TRP":{"x":189.65,"y":310.55},"M3D":[0.988250732421875,0.152313232421875,0.0,0.0,-0.152313232421875,0.988250732421875,0.0,0.0,0.0,0.0,1.0,0.0,235.8,-434.5,0.0,1.0]}}]}]},{"LN":"body","FR":[{"I":0,"DU":2,"E":[{"SI":{"SN":"Elisocray/Parts/body","IN":"","ST":"G","FF":0,"LP":"LP","TRP":{"x":342.15,"y":488.15},"M3D":[1.0,0.0,0.0,0.0,-0.1070556640625,1.0,0.0,0.0,0.0,0.0,1.0,0.0,-335.6,-923.25,0.0,1.0]}}]},{"I":2,"DU":2,"E":[{"SI":{"SN":"Elisocray/Parts/body","IN":"","ST":"G","FF":0,"LP":"LP","TRP":{"x":342.15,"y":488.15},"M3D":[1.0,0.0,0.0,0.0,-0.0942840576171875,1.0,0.0,0.0,0.0,0.0,1.0,0.0,-348.1,-923.25,0.0,1.0]}}]},{"I":4,"DU":2,"E":[{"SI":{"SN":"Elisocray/Parts/body","IN":"","ST":"G","FF":0,"LP":"LP","TRP":{"x":342.1,"y":488.15},"M3D":[1.0,0.0,0.0,0.0,-0.089630126953125,1.0,0.0,0.0,0.0,0.0,1.0,0.0,-352.65,-923.25,0.0,1.0]}}]},{"I":6,"DU":9,"E":[{"SI":{"SN":"Elisocray/Parts/body","IN":"","ST":"G","FF":0,"LP":"LP","TRP":{"x":342.1,"y":488.15},"M3D":[1.0,0.0,0.0,0.0,-0.089630126953125,1.0,0.0,0.0,0.0,0.0,1.0,0.0,-352.65,-923.25,0.0,1.0]}}]}]},{"LN":"hand","FR":[{"I":0,"DU":2,"E":[{"SI":{"SN":"Elisocray/Parts/hand","IN":"","ST":"G","FF":0,"LP":"LP","TRP":{"x":156.25,"y":183.10000000000003},"M3D":[0.9117889404296875,-0.4103851318359375,0.0,0.0,0.4103851318359375,0.9117889404296875,0.0,0.0,0.0,0.0,1.0,0.0,-631.15,-434.3,0.0,1.0]}}]},{"I":2,"DU":2,"E":[{"SI":{"SN":"Elisocray/Parts/hand","IN":"","ST":"G","FF":0,"LP":"LP","TRP":{"x":156.25,"y":183.25},"M3D":[0.906219482421875,-0.4224700927734375,0.0,0.0,0.4224700927734375,0.906219482421875,0.0,0.0,0.0,0.0,1.0,0.0,-635.5,-429.25,0.0,1.0]}}]},{"I":4,"DU":2,"E":[{"SI":{"SN":"Elisocray/Parts/hand","IN":"","ST":"G","FF":0,"LP":"LP","TRP":{"x":156.25,"y":183.3},"M3D":[0.908538818359375,-0.417449951171875,0.0,0.0,0.417449951171875,0.908538818359375,0.0,0.0,0.0,0.0,1.0,0.0,-639.25,-431.4,0.0,1.0]}}]},{"I":6,"DU":9,"E":[{"SI":{"SN":"Elisocray/Parts/hand","IN":"","ST":"G","FF":0,"LP":"LP","TRP":{"x":156.3,"y":183.3},"M3D":[0.91082763671875,-0.41241455078125,0.0,0.0,0.41241455078125,0.91082763671875,0.0,0.0,0.0,0.0,1.0,0.0,-638.65,-433.5,0.0,1.0]}}]}]},{"LN":"arm_under","FR":[{"I":0,"DU":2,"E":[{"SI":{"SN":"Elisocray/Parts/arm under","IN":"","ST":"G","FF":0,"LP":"LP","TRP":{"x":210.15,"y":121.5},"M3D":[0.986785888671875,-0.1617431640625,0.0,0.0,0.1617431640625,0.986785888671875,0.0,0.0,0.0,0.0,1.0,0.0,-325.35,-350.4,0.0,1.0]}}]},{"I":2,"DU":2,"E":[{"SI":{"SN":"Elisocray/Parts/arm under","IN":"","ST":"G","FF":0,"LP":"LP","TRP":{"x":210.10000000000003,"y":121.60000000000001},"M3D":[0.984527587890625,-0.17486572265625,0.0,0.0,0.17486572265625,0.984527587890625,0.0,0.0,0.0,0.0,1.0,0.0,-328.55,-349.45,0.0,1.0]}}]},{"I":4,"DU":2,"E":[{"SI":{"SN":"Elisocray/Parts/arm under","IN":"","ST":"G","FF":0,"LP":"LP","TRP":{"x":210.15,"y":121.65},"M3D":[0.9854736328125,-0.1694183349609375,0.0,0.0,0.1694183349609375,0.9854736328125,0.0,0.0,0.0,0.0,1.0,0.0,-332.8,-349.85,0.0,1.0]}}]},{"I":6,"DU":9,"E":[{"SI":{"SN":"Elisocray/Parts/arm under","IN":"","ST":"G","FF":0,"LP":"LP","TRP":{"x":210.2,"y":121.7},"M3D":[0.98638916015625,-0.163970947265625,0.0,0.0,0.163970947265625,0.98638916015625,0.0,0.0,0.0,0.0,1.0,0.0,-332.75,-350.35,0.0,1.0]}}]}]}]}},{"SN":"Elisocray/Anims/left","TL":{"L":[{"LN":"fave","FR":[{"I":0,"DU":2,"E":[{"ASI":{"N":"0014","M3D":[1.492523193359375,0.0,0.0,0.0,0.0,1.492523193359375,0.0,0.0,0.0,0.0,1.0,0.0,-217.9,-731.3,0.0,1.0]}}]},{"I":2,"DU":2,"E":[{"ASI":{"N":"0015","M3D":[1.492523193359375,0.0,0.0,0.0,0.0,1.492523193359375,0.0,0.0,0.0,0.0,1.0,0.0,-210.4,-729.8,0.0,1.0]}}]},{"I":4,"DU":2,"E":[{"ASI":{"N":"0016","M3D":[1.492523193359375,0.0,0.0,0.0,0.0,1.492523193359375,0.0,0.0,0.0,0.0,1.0,0.0,-205.95,-731.3,0.0,1.0]}}]},{"I":6,"DU":8,"E":[{"ASI":{"N":"0017","M3D":[1.492523193359375,0.0,0.0,0.0,0.0,1.492523193359375,0.0,0.0,0.0,0.0,1.0,0.0,-204.45,-732.8,0.0,1.0]}}]},{"I":14,"DU":1,"E":[{"ASI":{"N":"0017","M3D":[1.492523193359375,0.0,0.0,0.0,0.0,1.492523193359375,0.0,0.0,0.0,0.0,1.0,0.0,-204.45,-732.8,0.0,1.0]}}]}]},{"LN":"head","FR":[{"I":0,"DU":2,"E":[{"SI":{"SN":"Elisocray/Parts/head","IN":"","ST":"G","FF":0,"LP":"LP","TRP":{"x":375.15000000000006,"y":291.15000000000006},"M3D":[0.99786376953125,-0.063446044921875,0.0,0.0,0.063446044921875,0.99786376953125,0.0,0.0,0.0,0.0,1.0,0.0,-284.1,-970.95,0.0,1.0]}}]},{"I":2,"DU":2,"E":[{"SI":{"SN":"Elisocray/Parts/head","IN":"","ST":"G","FF":0,"LP":"LP","TRP":{"x":375.25,"y":291.25},"M3D":[0.997314453125,-0.0714111328125,0.0,0.0,0.0714111328125,0.997314453125,0.0,0.0,0.0,0.0,1.0,0.0,-279.0,-969.3,0.0,1.0]}}]},{"I":4,"DU":2,"E":[{"SI":{"SN":"Elisocray/Parts/head","IN":"","ST":"G","FF":0,"LP":"LP","TRP":{"x":375.25,"y":291.2},"M3D":[0.9977874755859375,-0.064605712890625,0.0,0.0,0.064605712890625,0.9977874755859375,0.0,0.0,0.0,0.0,1.0,0.0,-272.8,-970.5,0.0,1.0]}}]},{"I":6,"DU":8,"E":[{"SI":{"SN":"Elisocray/Parts/head","IN":"","ST":"G","FF":0,"LP":"LP","TRP":{"x":375.3,"y":291.2},"M3D":[0.99810791015625,-0.0590667724609375,0.0,0.0,0.0590667724609375,0.99810791015625,0.0,0.0,0.0,0.0,1.0,0.0,-269.9,-972.65,0.0,1.0]}}]},{"I":14,"DU":1,"E":[{"SI":{"SN":"Elisocray/Parts/head","IN":"","ST":"G","FF":0,"LP":"LP","TRP":{"x":375.3,"y":291.2},"M3D":[0.99810791015625,-0.0590667724609375,0.0,0.0,0.0590667724609375,0.99810791015625,0.0,0.0,0.0,0.0,1.0,0.0,-269.9,-972.65,0.0,1.0]}}]}]},{"LN":"arm_no_phone","FR":[{"I":0,"DU":2,"E":[{"SI":{"SN":"Elisocray/Parts/arm no phone","IN":"","ST":"G","FF":0,"LP":"LP","TRP":{"x":189.55,"y":310.4},"M3D":[0.99871826171875,-0.0494842529296875,0.0,0.0,0.0494842529296875,0.99871826171875,0.0,0.0,0.0,0.0,1.0,0.0,107.15,-427.0,0.0,1.0]}}]},{"I":2,"DU":2,"E":[{"SI":{"SN":"Elisocray/Parts/arm no phone","IN":"","ST":"G","FF":0,"LP":"LP","TRP":{"x":189.60000000000003,"y":310.5},"M3D":[0.99920654296875,-0.038421630859375,0.0,0.0,0.038421630859375,0.99920654296875,0.0,0.0,0.0,0.0,1.0,0.0,113.35,-429.15,0.0,1.0]}}]},{"I":4,"DU":2,"E":[{"SI":{"SN":"Elisocray/Parts/arm no phone","IN":"","ST":"G","FF":0,"LP":"LP","TRP":{"x":189.6,"y":310.5},"M3D":[0.9989013671875,-0.0452423095703125,0.0,0.0,0.0452423095703125,0.9989013671875,0.0,0.0,0.0,0.0,1.0,0.0,115.65,-427.9,0.0,1.0]}}]},{"I":6,"DU":8,"E":[{"SI":{"SN":"Elisocray/Parts/arm no phone","IN":"","ST":"G","FF":0,"LP":"LP","TRP":{"x":189.65,"y":310.55},"M3D":[0.9986419677734375,-0.050750732421875,0.0,0.0,0.050750732421875,0.9986419677734375,0.0,0.0,0.0,0.0,1.0,0.0,115.5,-426.7,0.0,1.0]}}]},{"I":14,"DU":1,"E":[{"SI":{"SN":"Elisocray/Parts/arm no phone","IN":"","ST":"G","FF":0,"LP":"LP","TRP":{"x":189.65,"y":310.55},"M3D":[0.9986419677734375,-0.050750732421875,0.0,0.0,0.050750732421875,0.9986419677734375,0.0,0.0,0.0,0.0,1.0,0.0,115.5,-426.7,0.0,1.0]}}]}]},{"LN":"body","FR":[{"I":0,"DU":2,"E":[{"SI":{"SN":"Elisocray/Parts/body","IN":"","ST":"G","FF":0,"LP":"LP","TRP":{"x":342.15000000000006,"y":488.15000000000006},"M3D":[1.0,0.0,0.0,0.0,0.1375579833984375,1.0,0.0,0.0,0.0,0.0,1.0,0.0,-574.7,-923.1,0.0,1.0]}}]},{"I":2,"DU":2,"E":[{"SI":{"SN":"Elisocray/Parts/body","IN":"","ST":"G","FF":0,"LP":"LP","TRP":{"x":342.05,"y":488.15000000000006},"M3D":[1.0,0.0,0.0,0.0,0.129150390625,1.0,0.0,0.0,0.0,0.0,1.0,0.0,-566.45,-923.1,0.0,1.0]}}]},{"I":4,"DU":2,"E":[{"SI":{"SN":"Elisocray/Parts/body","IN":"","ST":"G","FF":0,"LP":"LP","TRP":{"x":342.1,"y":488.15000000000006},"M3D":[1.0,0.0,0.0,0.0,0.126220703125,1.0,0.0,0.0,0.0,0.0,1.0,0.0,-563.65,-923.1,0.0,1.0]}}]},{"I":6,"DU":8,"E":[{"SI":{"SN":"Elisocray/Parts/body","IN":"","ST":"G","FF":0,"LP":"LP","TRP":{"x":342.1,"y":488.15000000000006},"M3D":[1.0,0.0,0.0,0.0,0.126220703125,1.0,0.0,0.0,0.0,0.0,1.0,0.0,-563.65,-923.1,0.0,1.0]}}]},{"I":14,"DU":1,"E":[{"SI":{"SN":"Elisocray/Parts/body","IN":"","ST":"G","FF":0,"LP":"LP","TRP":{"x":342.1,"y":488.15000000000006},"M3D":[1.0,0.0,0.0,0.0,0.126220703125,1.0,0.0,0.0,0.0,0.0,1.0,0.0,-563.65,-923.1,0.0,1.0]}}]}]},{"LN":"hand","FR":[{"I":0,"DU":2,"E":[{"SI":{"SN":"Elisocray/Parts/hand","IN":"","ST":"G","FF":0,"LP":"LP","TRP":{"x":156.25,"y":183.10000000000003},"M3D":[0.868011474609375,-0.496307373046875,0.0,0.0,0.496307373046875,0.868011474609375,0.0,0.0,0.0,0.0,1.0,0.0,-723.65,-372.35,0.0,1.0]}}]},{"I":2,"DU":2,"E":[{"SI":{"SN":"Elisocray/Parts/hand","IN":"","ST":"G","FF":0,"LP":"LP","TRP":{"x":156.25,"y":183.15},"M3D":[0.8734130859375,-0.486663818359375,0.0,0.0,0.486663818359375,0.8734130859375,0.0,0.0,0.0,0.0,1.0,0.0,-719.7,-376.7,0.0,1.0]}}]},{"I":4,"DU":2,"E":[{"SI":{"SN":"Elisocray/Parts/hand","IN":"","ST":"G","FF":0,"LP":"LP","TRP":{"x":156.25,"y":183.2},"M3D":[0.872314453125,-0.4886474609375,0.0,0.0,0.4886474609375,0.872314453125,0.0,0.0,0.0,0.0,1.0,0.0,-715.55,-375.8,0.0,1.0]}}]},{"I":6,"DU":8,"E":[{"SI":{"SN":"Elisocray/Parts/hand","IN":"","ST":"G","FF":0,"LP":"LP","TRP":{"x":156.15,"y":183.2},"M3D":[0.8696136474609375,-0.4934539794921875,0.0,0.0,0.4934539794921875,0.8696136474609375,0.0,0.0,0.0,0.0,1.0,0.0,-714.55,-373.65,0.0,1.0]}}]},{"I":14,"DU":1,"E":[{"SI":{"SN":"Elisocray/Parts/hand","IN":"","ST":"G","FF":0,"LP":"LP","TRP":{"x":156.15,"y":183.2},"M3D":[0.8696136474609375,-0.4934539794921875,0.0,0.0,0.4934539794921875,0.8696136474609375,0.0,0.0,0.0,0.0,1.0,0.0,-714.55,-373.65,0.0,1.0]}}]}]},{"LN":"arm_under","FR":[{"I":0,"DU":2,"E":[{"SI":{"SN":"Elisocray/Parts/arm under","IN":"","ST":"G","FF":0,"LP":"LP","TRP":{"x":210.05,"y":121.5},"M3D":[0.96661376953125,-0.25604248046875,0.0,0.0,0.25604248046875,0.96661376953125,0.0,0.0,0.0,0.0,1.0,0.0,-411.25,-318.35,0.0,1.0]}}]},{"I":2,"DU":2,"E":[{"SI":{"SN":"Elisocray/Parts/arm under","IN":"","ST":"G","FF":0,"LP":"LP","TRP":{"x":210.1,"y":121.55},"M3D":[0.9693603515625,-0.245330810546875,0.0,0.0,0.245330810546875,0.9693603515625,0.0,0.0,0.0,0.0,1.0,0.0,-407.9,-319.25,0.0,1.0]}}]},{"I":4,"DU":2,"E":[{"SI":{"SN":"Elisocray/Parts/arm under","IN":"","ST":"G","FF":0,"LP":"LP","TRP":{"x":210.10000000000003,"y":121.60000000000001},"M3D":[0.96881103515625,-0.247528076171875,0.0,0.0,0.247528076171875,0.96881103515625,0.0,0.0,0.0,0.0,1.0,0.0,-403.65,-319.0,0.0,1.0]}}]},{"I":6,"DU":8,"E":[{"SI":{"SN":"Elisocray/Parts/arm under","IN":"","ST":"G","FF":0,"LP":"LP","TRP":{"x":210.15,"y":121.65},"M3D":[0.9674072265625,-0.25286865234375,0.0,0.0,0.25286865234375,0.9674072265625,0.0,0.0,0.0,0.0,1.0,0.0,-402.35,-318.55,0.0,1.0]}}]},{"I":14,"DU":1,"E":[{"SI":{"SN":"Elisocray/Parts/arm under","IN":"","ST":"G","FF":0,"LP":"LP","TRP":{"x":210.15,"y":121.65},"M3D":[0.9674072265625,-0.25286865234375,0.0,0.0,0.25286865234375,0.9674072265625,0.0,0.0,0.0,0.0,1.0,0.0,-402.35,-318.55,0.0,1.0]}}]}]}]}},{"SN":"Elisocray/Anims/down","TL":{"L":[{"LN":"fave","FR":[{"I":0,"DU":2,"E":[{"ASI":{"N":"0018","M3D":[1.492523193359375,0.0,0.0,0.0,0.0,1.492523193359375,0.0,0.0,0.0,0.0,1.0,0.0,-92.5,-619.35,0.0,1.0]}}]},{"I":2,"DU":2,"E":[{"ASI":{"N":"0019","M3D":[1.492523193359375,0.0,0.0,0.0,0.0,1.492523193359375,0.0,0.0,0.0,0.0,1.0,0.0,-92.5,-625.35,0.0,1.0]}}]},{"I":4,"DU":2,"E":[{"ASI":{"N":"0020","M3D":[1.492523193359375,0.0,0.0,0.0,0.0,1.492523193359375,0.0,0.0,0.0,0.0,1.0,0.0,-92.5,-626.85,0.0,1.0]}}]},{"I":6,"DU":8,"E":[{"ASI":{"N":"0021","M3D":[1.492523193359375,0.0,0.0,0.0,0.0,1.492523193359375,0.0,0.0,0.0,0.0,1.0,0.0,-92.5,-629.8,0.0,1.0]}}]},{"I":14,"DU":1,"E":[{"ASI":{"N":"0021","M3D":[1.492523193359375,0.0,0.0,0.0,0.0,1.492523193359375,0.0,0.0,0.0,0.0,1.0,0.0,-92.5,-629.8,0.0,1.0]}}]}]},{"LN":"head","FR":[{"I":0,"DU":2,"E":[{"SI":{"SN":"Elisocray/Parts/head","IN":"","ST":"G","FF":0,"LP":"LP","TRP":{"x":375.1,"y":291.3},"M3D":[0.9972381591796875,-0.0727386474609375,0.0,0.0,0.0727386474609375,0.9972381591796875,0.0,0.0,0.0,0.0,1.0,0.0,-154.5,-910.8,0.0,1.0]}}]},{"I":2,"DU":2,"E":[{"SI":{"SN":"Elisocray/Parts/head","IN":"","ST":"G","FF":0,"LP":"LP","TRP":{"x":375.20000000000007,"y":291.40000000000006},"M3D":[0.99652099609375,-0.0814666748046875,0.0,0.0,0.0814666748046875,0.99652099609375,0.0,0.0,0.0,0.0,1.0,0.0,-156.85,-916.1,0.0,1.0]}}]},{"I":4,"DU":2,"E":[{"SI":{"SN":"Elisocray/Parts/head","IN":"","ST":"G","FF":0,"LP":"LP","TRP":{"x":375.25,"y":291.35},"M3D":[0.9964599609375,-0.0824432373046875,0.0,0.0,0.0824432373046875,0.9964599609375,0.0,0.0,0.0,0.0,1.0,0.0,-157.15,-918.55,0.0,1.0]}}]},{"I":6,"DU":8,"E":[{"SI":{"SN":"Elisocray/Parts/head","IN":"","ST":"G","FF":0,"LP":"LP","TRP":{"x":375.3,"y":291.4},"M3D":[0.9966278076171875,-0.0801544189453125,0.0,0.0,0.0801544189453125,0.9966278076171875,0.0,0.0,0.0,0.0,1.0,0.0,-156.55,-920.95,0.0,1.0]}}]},{"I":14,"DU":1,"E":[{"SI":{"SN":"Elisocray/Parts/head","IN":"","ST":"G","FF":0,"LP":"LP","TRP":{"x":375.3,"y":291.4},"M3D":[0.9966278076171875,-0.0801544189453125,0.0,0.0,0.0801544189453125,0.9966278076171875,0.0,0.0,0.0,0.0,1.0,0.0,-156.55,-920.95,0.0,1.0]}}]}]},{"LN":"arm_no_phone","FR":[{"I":0,"DU":2,"E":[{"SI":{"SN":"Elisocray/Parts/arm no phone","IN":"","ST":"G","FF":0,"LP":"LP","TRP":{"x":189.5,"y":310.45},"M3D":[0.994720458984375,0.1022186279296875,0.0,0.0,-0.1022186279296875,0.994720458984375,0.0,0.0,0.0,0.0,1.0,0.0,200.1,-393.65,0.0,1.0]}}]},{"I":2,"DU":2,"E":[{"SI":{"SN":"Elisocray/Parts/arm no phone","IN":"","ST":"G","FF":0,"LP":"LP","TRP":{"x":189.55,"y":310.55},"M3D":[0.993194580078125,0.1159515380859375,0.0,0.0,-0.1159515380859375,0.993194580078125,0.0,0.0,0.0,0.0,1.0,0.0,204.65,-400.1,0.0,1.0]}}]},{"I":4,"DU":2,"E":[{"SI":{"SN":"Elisocray/Parts/arm no phone","IN":"","ST":"G","FF":0,"LP":"LP","TRP":{"x":189.5,"y":310.5},"M3D":[0.9916229248046875,0.12872314453125,0.0,0.0,-0.12872314453125,0.9916229248046875,0.0,0.0,0.0,0.0,1.0,0.0,208.95,-404.9,0.0,1.0]}}]},{"I":6,"DU":8,"E":[{"SI":{"SN":"Elisocray/Parts/arm no phone","IN":"","ST":"G","FF":0,"LP":"LP","TRP":{"x":189.60000000000003,"y":310.65000000000006},"M3D":[0.9923095703125,0.12322998046875,0.0,0.0,-0.12322998046875,0.9923095703125,0.0,0.0,0.0,0.0,1.0,0.0,207.05,-405.55,0.0,1.0]}}]},{"I":14,"DU":1,"E":[{"SI":{"SN":"Elisocray/Parts/arm no phone","IN":"","ST":"G","FF":0,"LP":"LP","TRP":{"x":189.60000000000003,"y":310.65000000000006},"M3D":[0.9923095703125,0.12322998046875,0.0,0.0,-0.12322998046875,0.9923095703125,0.0,0.0,0.0,0.0,1.0,0.0,207.05,-405.55,0.0,1.0]}}]}]},{"LN":"body","FR":[{"I":0,"DU":2,"E":[{"SI":{"SN":"Elisocray/Parts/body","IN":"","ST":"G","FF":0,"LP":"LP","TRP":{"x":342.25,"y":488.3},"M3D":[1.042694091796875,0.0,0.0,0.0,-0.01641845703125,0.89544677734375,0.0,0.0,0.0,0.0,1.0,0.0,-437.45,-822.5,0.0,1.0]}}]},{"I":2,"DU":2,"E":[{"SI":{"SN":"Elisocray/Parts/body","IN":"","ST":"G","FF":0,"LP":"LP","TRP":{"x":342.25,"y":488.35},"M3D":[1.0396728515625,0.0,0.0,0.0,-0.01666259765625,0.90869140625,0.0,0.0,0.0,0.0,1.0,0.0,-436.2,-835.4,0.0,1.0]}}]},{"I":4,"DU":2,"E":[{"SI":{"SN":"Elisocray/Parts/body","IN":"","ST":"G","FF":0,"LP":"LP","TRP":{"x":342.15000000000006,"y":488.25},"M3D":[1.033935546875,0.0,0.0,0.0,-0.0167083740234375,0.91119384765625,0.0,0.0,0.0,0.0,1.0,0.0,-434.15,-837.85,0.0,1.0]}}]},{"I":6,"DU":8,"E":[{"SI":{"SN":"Elisocray/Parts/body","IN":"","ST":"G","FF":0,"LP":"LP","TRP":{"x":342.15000000000006,"y":488.25},"M3D":[1.033935546875,0.0,0.0,0.0,-0.0167083740234375,0.91119384765625,0.0,0.0,0.0,0.0,1.0,0.0,-434.15,-837.85,0.0,1.0]}}]},{"I":14,"DU":1,"E":[{"SI":{"SN":"Elisocray/Parts/body","IN":"","ST":"G","FF":0,"LP":"LP","TRP":{"x":342.15000000000006,"y":488.25},"M3D":[1.033935546875,0.0,0.0,0.0,-0.0167083740234375,0.91119384765625,0.0,0.0,0.0,0.0,1.0,0.0,-434.15,-837.85,0.0,1.0]}}]}]},{"LN":"hand","FR":[{"I":0,"DU":2,"E":[{"SI":{"SN":"Elisocray/Parts/hand","IN":"","ST":"G","FF":0,"LP":"LP","TRP":{"x":156.25,"y":183.1},"M3D":[0.90802001953125,-0.41864013671875,0.0,0.0,0.41864013671875,0.90802001953125,0.0,0.0,0.0,0.0,1.0,0.0,-650.95,-378.65,0.0,1.0]}}]},{"I":2,"DU":2,"E":[{"SI":{"SN":"Elisocray/Parts/hand","IN":"","ST":"G","FF":0,"LP":"LP","TRP":{"x":156.25,"y":183.15},"M3D":[0.8995361328125,-0.4365081787109375,0.0,0.0,0.4365081787109375,0.8995361328125,0.0,0.0,0.0,0.0,1.0,0.0,-652.8,-373.95,0.0,1.0]}}]},{"I":4,"DU":2,"E":[{"SI":{"SN":"Elisocray/Parts/hand","IN":"","ST":"G","FF":0,"LP":"LP","TRP":{"x":156.25,"y":183.15},"M3D":[0.902496337890625,-0.43035888671875,0.0,0.0,0.43035888671875,0.902496337890625,0.0,0.0,0.0,0.0,1.0,0.0,-652.15,-380.95,0.0,1.0]}}]},{"I":6,"DU":8,"E":[{"SI":{"SN":"Elisocray/Parts/hand","IN":"","ST":"G","FF":0,"LP":"LP","TRP":{"x":156.25,"y":183.20000000000003},"M3D":[0.90484619140625,-0.42535400390625,0.0,0.0,0.42535400390625,0.90484619140625,0.0,0.0,0.0,0.0,1.0,0.0,-651.45,-384.45,0.0,1.0]}}]},{"I":14,"DU":1,"E":[{"SI":{"SN":"Elisocray/Parts/hand","IN":"","ST":"G","FF":0,"LP":"LP","TRP":{"x":156.25,"y":183.20000000000003},"M3D":[0.90484619140625,-0.42535400390625,0.0,0.0,0.42535400390625,0.90484619140625,0.0,0.0,0.0,0.0,1.0,0.0,-651.45,-384.45,0.0,1.0]}}]}]},{"LN":"arm_under","FR":[{"I":0,"DU":2,"E":[{"SI":{"SN":"Elisocray/Parts/arm under","IN":"","ST":"G","FF":0,"LP":"LP","TRP":{"x":210.0,"y":121.45},"M3D":[0.98529052734375,-0.17071533203125,0.0,0.0,0.17071533203125,0.98529052734375,0.0,0.0,0.0,0.0,1.0,0.0,-344.3,-297.5,0.0,1.0]}}]},{"I":2,"DU":2,"E":[{"SI":{"SN":"Elisocray/Parts/arm under","IN":"","ST":"G","FF":0,"LP":"LP","TRP":{"x":210.05,"y":121.5},"M3D":[0.981689453125,-0.190155029296875,0.0,0.0,0.190155029296875,0.981689453125,0.0,0.0,0.0,0.0,1.0,0.0,-344.7,-298.95,0.0,1.0]}}]},{"I":4,"DU":2,"E":[{"SI":{"SN":"Elisocray/Parts/arm under","IN":"","ST":"G","FF":0,"LP":"LP","TRP":{"x":210.0,"y":121.55},"M3D":[0.98297119140625,-0.1834564208984375,0.0,0.0,0.1834564208984375,0.98297119140625,0.0,0.0,0.0,0.0,1.0,0.0,-344.55,-303.8,0.0,1.0]}}]},{"I":6,"DU":8,"E":[{"SI":{"SN":"Elisocray/Parts/arm under","IN":"","ST":"G","FF":0,"LP":"LP","TRP":{"x":210.05,"y":121.6},"M3D":[0.983978271484375,-0.178009033203125,0.0,0.0,0.178009033203125,0.983978271484375,0.0,0.0,0.0,0.0,1.0,0.0,-344.4,-305.65,0.0,1.0]}}]},{"I":14,"DU":1,"E":[{"SI":{"SN":"Elisocray/Parts/arm under","IN":"","ST":"G","FF":0,"LP":"LP","TRP":{"x":210.05,"y":121.6},"M3D":[0.983978271484375,-0.178009033203125,0.0,0.0,0.178009033203125,0.983978271484375,0.0,0.0,0.0,0.0,1.0,0.0,-344.4,-305.65,0.0,1.0]}}]}]}]}}]},"MD":{"FRT":24.0}}