{"AN":{"N":"BFDI Bonus - Assets","SN":"enBamberoExporto","TL":{"L":[{"LN":"Layer_1","FR":[{"I":0,"DU":1,"E":[{"SI":{"SN":"Characters/Bamber/Corny-Idle","IN":"","ST":"G","FF":13,"LP":"LP","TRP":{"x":205.20000000000003,"y":282.5},"M3D":[1.0,0.0,0.0,0.0,0.0,1.0,0.0,0.0,0.0,0.0,1.0,0.0,184.85,507.45,0.0,1.0]}},{"SI":{"SN":"Characters/Bamber/Corny-Left","IN":"","ST":"MC","TRP":{"x":205.20000000000003,"y":282.5},"M3D":[1.0,0.0,0.0,0.0,0.0,1.0,0.0,0.0,0.0,0.0,1.0,0.0,236.8,1043.95,0.0,1.0]}},{"SI":{"SN":"Characters/Bamber/Corny-Right","IN":"","ST":"MC","TRP":{"x":205.20000000000003,"y":282.5},"M3D":[1.0,0.0,0.0,0.0,0.0,1.0,0.0,0.0,0.0,0.0,1.0,0.0,1520.55,1050.6,0.0,1.0]}},{"SI":{"SN":"Characters/Bamber/Corny-Up","IN":"","ST":"MC","TRP":{"x":205.20000000000003,"y":282.5},"M3D":[1.0,0.0,0.0,0.0,0.0,1.0,0.0,0.0,0.0,0.0,1.0,0.0,1141.25,1040.0,0.0,1.0]}},{"SI":{"SN":"Characters/Bamber/Corny-Down","IN":"","ST":"MC","TRP":{"x":45.0,"y":17.75},"M3D":[1.0,0.0,0.0,0.0,0.0,1.0,0.0,0.0,0.0,0.0,1.0,0.0,659.2,1054.85,0.0,1.0]}},{"SI":{"SN":"Characters/Bamber/Corny-Gasp","IN":"","ST":"MC","TRP":{"x":205.20000000000003,"y":282.5},"M3D":[1.0,0.0,0.0,0.0,0.0,1.0,0.0,0.0,0.0,0.0,1.0,0.0,654.9,507.45,0.0,1.0]}}]}]}]}},"SD":{"S":[{"SN":"Characters/Bamber/Corny-Idle","TL":{"L":[{"LN":"Hand","FR":[{"I":0,"DU":1,"E":[{"ASI":{"N":"0007","M3D":[1.0,0.0,0.0,0.0,0.0,1.0,0.0,0.0,0.0,0.0,1.0,0.0,-86.0,-147.0,0.0,1.0]}}]},{"I":1,"DU":1,"E":[{"ASI":{"N":"0008","M3D":[1.0,0.0,0.0,0.0,0.0,1.0,0.0,0.0,0.0,0.0,1.0,0.0,-100.0,-149.0,0.0,1.0]}}]},{"I":2,"DU":1,"E":[{"ASI":{"N":"0009","M3D":[1.0,0.0,0.0,0.0,0.0,1.0,0.0,0.0,0.0,0.0,1.0,0.0,-110.0,-155.0,0.0,1.0]}}]},{"I":3,"DU":1,"E":[{"ASI":{"N":"0010","M3D":[1.0,0.0,0.0,0.0,0.0,1.0,0.0,0.0,0.0,0.0,1.0,0.0,-116.0,-164.0,0.0,1.0]}}]},{"I":4,"DU":1,"E":[{"ASI":{"N":"0011","M3D":[1.0,0.0,0.0,0.0,0.0,1.0,0.0,0.0,0.0,0.0,1.0,0.0,-121.0,-168.0,0.0,1.0]}}]},{"I":5,"DU":1,"E":[{"ASI":{"N":"0012","M3D":[1.0,0.0,0.0,0.0,0.0,1.0,0.0,0.0,0.0,0.0,1.0,0.0,-124.0,-169.0,0.0,1.0]}}]},{"I":6,"DU":1,"E":[{"ASI":{"N":"0013","M3D":[1.0,0.0,0.0,0.0,0.0,1.0,0.0,0.0,0.0,0.0,1.0,0.0,-115.0,-171.0,0.0,1.0]}}]},{"I":7,"DU":1,"E":[{"ASI":{"N":"0014","M3D":[1.0,0.0,0.0,0.0,0.0,1.0,0.0,0.0,0.0,0.0,1.0,0.0,-100.0,-165.0,0.0,1.0]}}]},{"I":8,"DU":1,"E":[{"ASI":{"N":"0015","M3D":[1.0,0.0,0.0,0.0,0.0,1.0,0.0,0.0,0.0,0.0,1.0,0.0,-87.0,-160.0,0.0,1.0]}}]},{"I":9,"DU":5,"E":[{"ASI":{"N":"0016","M3D":[1.0,0.0,0.0,0.0,0.0,1.0,0.0,0.0,0.0,0.0,1.0,0.0,-82.0,-156.0,0.0,1.0]}}]}]},{"LN":"Legs","FR":[{"I":0,"DU":1,"E":[{"SI":{"SN":"Parts/Bamber (Corny)/IdleLeg","IN":"","ST":"MC","TRP":{"x":7.75,"y":105.4},"M3D":[1.0,0.0,0.0,0.0,0.080169677734375,0.91595458984375,0.0,0.0,0.0,0.0,1.0,0.0,44.65,-102.25,0.0,1.0]}},{"SI":{"SN":"Parts/Bamber (Corny)/IdleLeg2","IN":"","ST":"MC","TRP":{"x":61.75,"y":88.15},"M3D":[1.0,0.0,0.0,0.0,0.1123046875,0.94610595703125,0.0,0.0,0.0,0.0,1.0,0.0,-141.85,-91.2,0.0,1.0]}}]},{"I":1,"DU":1,"E":[{"SI":{"SN":"Parts/Bamber (Corny)/IdleLeg","IN":"","ST":"MC","TRP":{"x":7.8500000000000009,"y":105.35000000000001},"M3D":[1.0,0.0,0.0,0.0,0.27825927734375,0.7827606201171875,0.0,0.0,0.0,0.0,1.0,0.0,23.85,-88.2,0.0,1.0]}},{"SI":{"SN":"Parts/Bamber (Corny)/IdleLeg2","IN":"","ST":"MC","TRP":{"x":61.7,"y":88.15},"M3D":[1.0,0.0,0.0,0.0,0.351104736328125,0.9126434326171875,0.0,0.0,0.0,0.0,1.0,0.0,-162.9,-88.2,0.0,1.0]}}]},{"I":2,"DU":1,"E":[{"SI":{"SN":"Parts/Bamber (Corny)/IdleLeg","IN":"","ST":"MC","TRP":{"x":7.7,"y":105.35000000000001},"M3D":[1.0,0.0,0.0,0.0,0.4195556640625,0.73028564453125,0.0,0.0,0.0,0.0,1.0,0.0,8.9,-82.7,0.0,1.0]}},{"SI":{"SN":"Parts/Bamber (Corny)/IdleLeg2","IN":"","ST":"MC","TRP":{"x":61.65,"y":88.2},"M3D":[1.0,0.0,0.0,0.0,0.4922943115234375,0.9665374755859375,0.0,0.0,0.0,0.0,1.0,0.0,-175.3,-93.0,0.0,1.0]}}]},{"I":3,"DU":1,"E":[{"SI":{"SN":"Parts/Bamber (Corny)/IdleLeg","IN":"","ST":"MC","TRP":{"x":7.75,"y":105.30000000000001},"M3D":[1.0,0.0,0.0,0.0,0.54888916015625,0.734100341796875,0.0,0.0,0.0,0.0,1.0,0.0,-4.65,-83.1,0.0,1.0]}},{"SI":{"SN":"Parts/Bamber (Corny)/IdleLeg2","IN":"","ST":"MC","TRP":{"x":61.800000000000007,"y":88.15},"M3D":[1.0,0.0,0.0,0.0,0.601806640625,1.0623779296875,0.0,0.0,0.0,0.0,1.0,0.0,-185.05,-101.4,0.0,1.0]}}]},{"I":4,"DU":1,"E":[{"SI":{"SN":"Parts/Bamber (Corny)/IdleLeg","IN":"","ST":"MC","TRP":{"x":7.7,"y":105.30000000000001},"M3D":[1.0,0.0,0.0,0.0,0.5565032958984375,0.7711181640625,0.0,0.0,0.0,0.0,1.0,0.0,-5.45,-87.0,0.0,1.0]}},{"SI":{"SN":"Parts/Bamber (Corny)/IdleLeg2","IN":"","ST":"MC","TRP":{"x":61.75,"y":88.2},"M3D":[1.0,0.0,0.0,0.0,0.630950927734375,1.1378173828125,0.0,0.0,0.0,0.0,1.0,0.0,-187.6,-108.05,0.0,1.0]}}]},{"I":5,"DU":1,"E":[{"SI":{"SN":"Parts/Bamber (Corny)/IdleLeg","IN":"","ST":"MC","TRP":{"x":7.7,"y":105.30000000000001},"M3D":[1.0,0.0,0.0,0.0,0.529541015625,0.82476806640625,0.0,0.0,0.0,0.0,1.0,0.0,-2.55,-92.6,0.0,1.0]}},{"SI":{"SN":"Parts/Bamber (Corny)/IdleLeg2","IN":"","ST":"MC","TRP":{"x":61.6,"y":88.2},"M3D":[1.0,0.0,0.0,0.0,0.6349334716796875,1.1378173828125,0.0,0.0,0.0,0.0,1.0,0.0,-187.85,-108.05,0.0,1.0]}}]},{"I":6,"DU":1,"E":[{"SI":{"SN":"Parts/Bamber (Corny)/IdleLeg","IN":"","ST":"MC","TRP":{"x":7.800000000000001,"y":105.4},"M3D":[1.0,0.0,0.0,0.0,0.4095916748046875,0.9230804443359375,0.0,0.0,0.0,0.0,1.0,0.0,10.0,-103.0,0.0,1.0]}},{"SI":{"SN":"Parts/Bamber (Corny)/IdleLeg2","IN":"","ST":"MC","TRP":{"x":61.6,"y":88.2},"M3D":[1.0,0.0,0.0,0.0,0.475067138671875,1.15380859375,0.0,0.0,0.0,0.0,1.0,0.0,-173.85,-109.5,0.0,1.0]}}]},{"I":7,"DU":1,"E":[{"SI":{"SN":"Parts/Bamber (Corny)/IdleLeg","IN":"","ST":"MC","TRP":{"x":7.800000000000001,"y":105.35000000000001},"M3D":[1.0,0.0,0.0,0.0,0.228424072265625,1.0213623046875,0.0,0.0,0.0,0.0,1.0,0.0,29.05,-113.3,0.0,1.0]}},{"SI":{"SN":"Parts/Bamber (Corny)/IdleLeg2","IN":"","ST":"MC","TRP":{"x":61.7,"y":88.2},"M3D":[1.0,0.0,0.0,0.0,0.2735595703125,1.1213836669921876,0.0,0.0,0.0,0.0,1.0,0.0,-156.1,-106.6,0.0,1.0]}}]},{"I":8,"DU":1,"E":[{"SI":{"SN":"Parts/Bamber (Corny)/IdleLeg","IN":"","ST":"MC","TRP":{"x":7.75,"y":105.30000000000001},"M3D":[1.0,0.0,0.0,0.0,0.0844879150390625,1.059814453125,0.0,0.0,0.0,0.0,1.0,0.0,44.25,-117.4,0.0,1.0]}},{"SI":{"SN":"Parts/Bamber (Corny)/IdleLeg2","IN":"","ST":"MC","TRP":{"x":61.6,"y":88.2},"M3D":[1.0,0.0,0.0,0.0,0.110595703125,1.1129302978515626,0.0,0.0,0.0,0.0,1.0,0.0,-141.7,-105.9,0.0,1.0]}}]},{"I":9,"DU":5,"E":[{"SI":{"SN":"Parts/Bamber (Corny)/IdleLeg","IN":"","ST":"MC","TRP":{"x":7.75,"y":105.35000000000001},"M3D":[1.0,0.0,0.0,0.0,0.0346527099609375,1.04888916015625,0.0,0.0,0.0,0.0,1.0,0.0,49.45,-116.2,0.0,1.0]}},{"SI":{"SN":"Parts/Bamber (Corny)/IdleLeg2","IN":"","ST":"MC","TRP":{"x":61.800000000000007,"y":88.15},"M3D":[1.0,0.0,0.0,0.0,0.0436553955078125,1.054443359375,0.0,0.0,0.0,0.0,1.0,0.0,-135.85,-100.75,0.0,1.0]}}]}]},{"LN":"MicHand","FR":[{"I":0,"DU":1,"E":[{"SI":{"SN":"Parts/Bamber (Corny)/ClenchedHand","IN":"","ST":"MC","TRP":{"x":37.550000000000007,"y":35.2},"M3D":[0.9659271240234375,0.2587890625,0.0,0.0,-0.2587890625,0.9659271240234375,0.0,0.0,0.0,0.0,1.0,0.0,148.35,-214.85,0.0,1.0]}}]},{"I":1,"DU":1,"E":[{"SI":{"SN":"Parts/Bamber (Corny)/ClenchedHand","IN":"","ST":"MC","TRP":{"x":37.550000000000007,"y":35.2},"M3D":[0.933837890625,0.357666015625,0.0,0.0,-0.357666015625,0.933837890625,0.0,0.0,0.0,0.0,1.0,0.0,159.75,-202.75,0.0,1.0]}}]},{"I":2,"DU":1,"E":[{"SI":{"SN":"Parts/Bamber (Corny)/ClenchedHand","IN":"","ST":"MC","TRP":{"x":37.550000000000007,"y":35.2},"M3D":[0.86602783203125,0.4999847412109375,0.0,0.0,-0.4999847412109375,0.86602783203125,0.0,0.0,0.0,0.0,1.0,0.0,168.8,-193.2,0.0,1.0]}}]},{"I":3,"DU":1,"E":[{"SI":{"SN":"Parts/Bamber (Corny)/ClenchedHand","IN":"","ST":"MC","TRP":{"x":37.550000000000007,"y":35.2},"M3D":[0.806884765625,0.5906982421875,0.0,0.0,-0.5906982421875,0.806884765625,0.0,0.0,0.0,0.0,1.0,0.0,166.35,-188.4,0.0,1.0]}}]},{"I":4,"DU":1,"E":[{"SI":{"SN":"Parts/Bamber (Corny)/ClenchedHand","IN":"","ST":"MC","TRP":{"x":37.550000000000007,"y":35.2},"M3D":[0.80987548828125,0.586578369140625,0.0,0.0,-0.586578369140625,0.80987548828125,0.0,0.0,0.0,0.0,1.0,0.0,155.45,-188.05,0.0,1.0]}}]},{"I":5,"DU":1,"E":[{"SI":{"SN":"Parts/Bamber (Corny)/ClenchedHand","IN":"","ST":"MC","TRP":{"x":37.5,"y":35.2},"M3D":[0.82708740234375,0.562042236328125,0.0,0.0,-0.562042236328125,0.82708740234375,0.0,0.0,0.0,0.0,1.0,0.0,141.05,-197.25,0.0,1.0]}}]},{"I":6,"DU":1,"E":[{"SI":{"SN":"Parts/Bamber (Corny)/ClenchedHand","IN":"","ST":"MC","TRP":{"x":37.550000000000007,"y":35.2},"M3D":[0.84136962890625,0.540435791015625,0.0,0.0,-0.540435791015625,0.84136962890625,0.0,0.0,0.0,0.0,1.0,0.0,133.45,-209.75,0.0,1.0]}}]},{"I":7,"DU":1,"E":[{"SI":{"SN":"Parts/Bamber (Corny)/ClenchedHand","IN":"","ST":"MC","TRP":{"x":37.5,"y":35.2},"M3D":[0.8872528076171875,0.461273193359375,0.0,0.0,-0.461273193359375,0.8872528076171875,0.0,0.0,0.0,0.0,1.0,0.0,128.4,-225.65,0.0,1.0]}}]},{"I":8,"DU":1,"E":[{"SI":{"SN":"Parts/Bamber (Corny)/ClenchedHand","IN":"","ST":"MC","TRP":{"x":37.5,"y":35.25},"M3D":[0.9552001953125,0.2958984375,0.0,0.0,-0.2958984375,0.9552001953125,0.0,0.0,0.0,0.0,1.0,0.0,127.15,-230.55,0.0,1.0]}}]},{"I":9,"DU":1,"E":[{"SI":{"SN":"Parts/Bamber (Corny)/ClenchedHand","IN":"","ST":"MC","TRP":{"x":37.550000000000007,"y":35.25},"M3D":[0.9878387451171875,0.15545654296875,0.0,0.0,-0.15545654296875,0.9878387451171875,0.0,0.0,0.0,0.0,1.0,0.0,126.75,-230.0,0.0,1.0]}}]},{"I":10,"DU":4,"E":[{"SI":{"SN":"Parts/Bamber (Corny)/ClenchedHand","IN":"","ST":"MC","TRP":{"x":37.5,"y":35.2},"M3D":[1.0,0.0,0.0,0.0,0.0,1.0,0.0,0.0,0.0,0.0,1.0,0.0,124.9,-227.1,0.0,1.0]}}]}]},{"LN":"Mic","FR":[{"I":0,"DU":1,"E":[{"SI":{"SN":"Parts/Microphone","IN":"","ST":"MC","TRP":{"x":20.200000000000004,"y":10.600000000000002},"M3D":[0.557861328125,0.8289031982421875,0.0,0.0,-0.8289031982421875,0.557861328125,0.0,0.0,0.0,0.0,1.0,0.0,194.4,-207.9,0.0,1.0]}}]},{"I":1,"DU":1,"E":[{"SI":{"SN":"Parts/Microphone","IN":"","ST":"MC","TRP":{"x":20.200000000000004,"y":10.55},"M3D":[0.468017578125,0.8824310302734375,0.0,0.0,-0.8824310302734375,0.468017578125,0.0,0.0,0.0,0.0,1.0,0.0,204.85,-191.0,0.0,1.0]}}]},{"I":2,"DU":1,"E":[{"SI":{"SN":"Parts/Microphone","IN":"","ST":"MC","TRP":{"x":20.200000000000004,"y":10.55},"M3D":[0.32354736328125,0.9446868896484375,0.0,0.0,-0.9446868896484375,0.32354736328125,0.0,0.0,0.0,0.0,1.0,0.0,211.55,-174.6,0.0,1.0]}}]},{"I":3,"DU":1,"E":[{"SI":{"SN":"Parts/Microphone","IN":"","ST":"MC","TRP":{"x":20.200000000000004,"y":10.55},"M3D":[0.2186279296875,0.97418212890625,0.0,0.0,-0.97418212890625,0.2186279296875,0.0,0.0,0.0,0.0,1.0,0.0,206.85,-165.25,0.0,1.0]}}]},{"I":4,"DU":1,"E":[{"SI":{"SN":"Parts/Microphone","IN":"","ST":"MC","TRP":{"x":20.200000000000004,"y":10.55},"M3D":[0.2230682373046875,0.973175048828125,0.0,0.0,-0.973175048828125,0.2230682373046875,0.0,0.0,0.0,0.0,1.0,0.0,196.05,-165.1,0.0,1.0]}}]},{"I":5,"DU":1,"E":[{"SI":{"SN":"Parts/Microphone","IN":"","ST":"MC","TRP":{"x":20.200000000000004,"y":10.55},"M3D":[0.252655029296875,0.9659423828125,0.0,0.0,-0.9659423828125,0.252655029296875,0.0,0.0,0.0,0.0,1.0,0.0,182.35,-175.45,0.0,1.0]}}]},{"I":6,"DU":1,"E":[{"SI":{"SN":"Parts/Microphone","IN":"","ST":"MC","TRP":{"x":20.200000000000004,"y":10.55},"M3D":[0.277862548828125,0.95904541015625,0.0,0.0,-0.95904541015625,0.277862548828125,0.0,0.0,0.0,0.0,1.0,0.0,175.25,-189.1,0.0,1.0]}}]},{"I":7,"DU":1,"E":[{"SI":{"SN":"Parts/Microphone","IN":"","ST":"MC","TRP":{"x":20.150000000000003,"y":10.55},"M3D":[0.3647308349609375,0.92962646484375,0.0,0.0,-0.92962646484375,0.3647308349609375,0.0,0.0,0.0,0.0,1.0,0.0,171.85,-208.85,0.0,1.0]}}]},{"I":8,"DU":1,"E":[{"SI":{"SN":"Parts/Microphone","IN":"","ST":"MC","TRP":{"x":20.200000000000004,"y":10.600000000000002},"M3D":[0.52490234375,0.8500213623046875,0.0,0.0,-0.8500213623046875,0.52490234375,0.0,0.0,0.0,0.0,1.0,0.0,172.9,-221.8,0.0,1.0]}}]},{"I":9,"DU":1,"E":[{"SI":{"SN":"Parts/Microphone","IN":"","ST":"MC","TRP":{"x":20.200000000000004,"y":10.55},"M3D":[0.6419677734375,0.76605224609375,0.0,0.0,-0.76605224609375,0.6419677734375,0.0,0.0,0.0,0.0,1.0,0.0,173.3,-227.95,0.0,1.0]}}]},{"I":10,"DU":4,"E":[{"SI":{"SN":"Parts/Microphone","IN":"","ST":"MC","TRP":{"x":20.150000000000003,"y":10.600000000000002},"M3D":[0.75201416015625,0.65911865234375,0.0,0.0,-0.65911865234375,0.75201416015625,0.0,0.0,0.0,0.0,1.0,0.0,171.25,-232.35,0.0,1.0]}}]}]},{"LN":"Leaves","FR":[{"I":0,"DU":1,"E":[{"SI":{"SN":"Parts/Bamber (Corny)/Leaf","IN":"","ST":"MC","TRP":{"x":200.0,"y":16.400000000000003},"M3D":[0.9965057373046875,-0.080810546875,0.0,0.0,0.080810546875,0.9965057373046875,0.0,0.0,0.0,0.0,1.0,0.0,-184.85,-223.1,0.0,1.0]}},{"SI":{"SN":"Parts/Bamber (Corny)/Leaf","IN":"","ST":"MC","TRP":{"x":200.15,"y":16.6},"M3D":[-0.9327239990234375,0.35980224609375,0.0,0.0,0.35980224609375,0.9327239990234375,0.0,0.0,0.0,0.0,1.0,0.0,196.9,-310.3,0.0,1.0]}}]},{"I":1,"DU":1,"E":[{"SI":{"SN":"Parts/Bamber (Corny)/Leaf","IN":"","ST":"MC","TRP":{"x":199.70000000000003,"y":16.5},"M3D":[0.999176025390625,0.0111083984375,0.0,0.0,-0.0111083984375,0.999176025390625,0.0,0.0,0.0,0.0,1.0,0.0,-184.05,-232.75,0.0,1.0]}},{"SI":{"SN":"Parts/Bamber (Corny)/Leaf","IN":"","ST":"MC","TRP":{"x":199.85,"y":16.65},"M3D":[-0.961334228515625,0.2723388671875,0.0,0.0,0.2723388671875,0.961334228515625,0.0,0.0,0.0,0.0,1.0,0.0,203.6,-284.4,0.0,1.0]}}]},{"I":2,"DU":1,"E":[{"SI":{"SN":"Parts/Bamber (Corny)/Leaf","IN":"","ST":"MC","TRP":{"x":199.60000000000003,"y":16.85},"M3D":[0.99591064453125,0.077545166015625,0.0,0.0,-0.077545166015625,0.99591064453125,0.0,0.0,0.0,0.0,1.0,0.0,-184.8,-244.4,0.0,1.0]}},{"SI":{"SN":"Parts/Bamber (Corny)/Leaf","IN":"","ST":"MC","TRP":{"x":199.75,"y":16.8},"M3D":[-0.9770355224609375,0.20770263671875,0.0,0.0,0.20770263671875,0.9770355224609375,0.0,0.0,0.0,0.0,1.0,0.0,205.1,-270.05,0.0,1.0]}}]},{"I":3,"DU":1,"E":[{"SI":{"SN":"Parts/Bamber (Corny)/Leaf","IN":"","ST":"MC","TRP":{"x":199.65,"y":16.95},"M3D":[0.978759765625,0.19830322265625,0.0,0.0,-0.19830322265625,0.978759765625,0.0,0.0,0.0,0.0,1.0,0.0,-178.1,-270.15,0.0,1.0]}},{"SI":{"SN":"Parts/Bamber (Corny)/Leaf","IN":"","ST":"MC","TRP":{"x":199.55,"y":16.95},"M3D":[-0.9947509765625,0.0869903564453125,0.0,0.0,0.0869903564453125,0.9947509765625,0.0,0.0,0.0,0.0,1.0,0.0,211.7,-248.05,0.0,1.0]}}]},{"I":4,"DU":1,"E":[{"SI":{"SN":"Parts/Bamber (Corny)/Leaf","IN":"","ST":"MC","TRP":{"x":199.65,"y":17.2},"M3D":[0.9626312255859375,0.265411376953125,0.0,0.0,-0.265411376953125,0.9626312255859375,0.0,0.0,0.0,0.0,1.0,0.0,-174.6,-287.1,0.0,1.0]}},{"SI":{"SN":"Parts/Bamber (Corny)/Leaf","IN":"","ST":"MC","TRP":{"x":199.20000000000003,"y":17.0},"M3D":[-0.9982757568359375,0.018035888671875,0.0,0.0,0.018035888671875,0.9982757568359375,0.0,0.0,0.0,0.0,1.0,0.0,212.3,-238.15,0.0,1.0]}}]},{"I":5,"DU":1,"E":[{"SI":{"SN":"Parts/Bamber (Corny)/Leaf","IN":"","ST":"MC","TRP":{"x":199.45000000000003,"y":17.3},"M3D":[0.93316650390625,0.35540771484375,0.0,0.0,-0.35540771484375,0.93316650390625,0.0,0.0,0.0,0.0,1.0,0.0,-169.8,-308.3,0.0,1.0]}},{"SI":{"SN":"Parts/Bamber (Corny)/Leaf","IN":"","ST":"MC","TRP":{"x":198.85,"y":17.150000000000003},"M3D":[-0.9954833984375,-0.076629638671875,0.0,0.0,-0.076629638671875,0.9954833984375,0.0,0.0,0.0,0.0,1.0,0.0,210.45,-222.95,0.0,1.0]}}]},{"I":6,"DU":1,"E":[{"SI":{"SN":"Parts/Bamber (Corny)/Leaf","IN":"","ST":"MC","TRP":{"x":199.20000000000003,"y":17.400000000000003},"M3D":[0.940704345703125,0.33563232421875,0.0,0.0,-0.33563232421875,0.940704345703125,0.0,0.0,0.0,0.0,1.0,0.0,-171.55,-313.7,0.0,1.0]}},{"SI":{"SN":"Parts/Bamber (Corny)/Leaf","IN":"","ST":"MC","TRP":{"x":198.65,"y":17.2},"M3D":[-0.9970703125,-0.0555572509765625,0.0,0.0,-0.0555572509765625,0.9970703125,0.0,0.0,0.0,0.0,1.0,0.0,210.25,-236.45,0.0,1.0]}}]},{"I":7,"DU":1,"E":[{"SI":{"SN":"Parts/Bamber (Corny)/Leaf","IN":"","ST":"MC","TRP":{"x":199.25,"y":17.7},"M3D":[0.9720916748046875,0.2309417724609375,0.0,0.0,-0.2309417724609375,0.9720916748046875,0.0,0.0,0.0,0.0,1.0,0.0,-178.55,-298.55,0.0,1.0]}},{"SI":{"SN":"Parts/Bamber (Corny)/Leaf","IN":"","ST":"MC","TRP":{"x":198.5,"y":17.5},"M3D":[-0.99755859375,0.0536346435546875,0.0,0.0,0.0536346435546875,0.99755859375,0.0,0.0,0.0,0.0,1.0,0.0,209.5,-263.45,0.0,1.0]}}]},{"I":8,"DU":1,"E":[{"SI":{"SN":"Parts/Bamber (Corny)/Leaf","IN":"","ST":"MC","TRP":{"x":199.45000000000003,"y":17.8},"M3D":[0.993682861328125,0.1064300537109375,0.0,0.0,-0.1064300537109375,0.993682861328125,0.0,0.0,0.0,0.0,1.0,0.0,-180.75,-274.1,0.0,1.0]}},{"SI":{"SN":"Parts/Bamber (Corny)/Leaf","IN":"","ST":"MC","TRP":{"x":198.35,"y":17.55},"M3D":[-0.9830322265625,0.1791229248046875,0.0,0.0,0.1791229248046875,0.9830322265625,0.0,0.0,0.0,0.0,1.0,0.0,208.5,-288.25,0.0,1.0]}}]},{"I":9,"DU":1,"E":[{"SI":{"SN":"Parts/Bamber (Corny)/Leaf","IN":"","ST":"MC","TRP":{"x":199.4,"y":17.95},"M3D":[0.999420166015625,0.0112457275390625,0.0,0.0,-0.0112457275390625,0.999420166015625,0.0,0.0,0.0,0.0,1.0,0.0,-182.3,-252.85,0.0,1.0]}},{"SI":{"SN":"Parts/Bamber (Corny)/Leaf","IN":"","ST":"MC","TRP":{"x":198.3,"y":17.7},"M3D":[-0.961639404296875,0.27203369140625,0.0,0.0,0.27203369140625,0.961639404296875,0.0,0.0,0.0,0.0,1.0,0.0,203.9,-304.0,0.0,1.0]}}]},{"I":10,"DU":1,"E":[{"SI":{"SN":"Parts/Bamber (Corny)/Leaf","IN":"","ST":"MC","TRP":{"x":199.20000000000003,"y":17.8},"M3D":[0.9991912841796875,-0.0236663818359375,0.0,0.0,0.0236663818359375,0.9991912841796875,0.0,0.0,0.0,0.0,1.0,0.0,-182.8,-245.9,0.0,1.0]}},{"SI":{"SN":"Parts/Bamber (Corny)/Leaf","IN":"","ST":"MC","TRP":{"x":198.20000000000003,"y":18.05},"M3D":[-0.9515380859375,0.305450439453125,0.0,0.0,0.305450439453125,0.9515380859375,0.0,0.0,0.0,0.0,1.0,0.0,201.3,-310.5,0.0,1.0]}}]},{"I":11,"DU":3,"E":[{"SI":{"SN":"Parts/Bamber (Corny)/Leaf","IN":"","ST":"MC","TRP":{"x":199.15,"y":17.650000000000003},"M3D":[0.999359130859375,-0.0148162841796875,0.0,0.0,0.0148162841796875,0.999359130859375,0.0,0.0,0.0,0.0,1.0,0.0,-182.65,-247.65,0.0,1.0]}},{"SI":{"SN":"Parts/Bamber (Corny)/Leaf","IN":"","ST":"MC","TRP":{"x":198.20000000000003,"y":18.0},"M3D":[-0.9542083740234375,0.2969970703125,0.0,0.0,0.2969970703125,0.9542083740234375,0.0,0.0,0.0,0.0,1.0,0.0,201.95,-308.85,0.0,1.0]}}]}]},{"LN":"Face","FR":[{"I":0,"DU":1,"E":[{"SI":{"SN":"Parts/Bamber (Corny)/IdleFace","IN":"","ST":"G","FF":0,"LP":"LP","TRP":{"x":71.65,"y":70.05},"M3D":[0.999114990234375,0.0250701904296875,0.0,0.0,-0.0250701904296875,0.999114990234375,0.0,0.0,0.0,0.0,1.0,0.0,-75.95,-375.6,0.0,1.0]}}]},{"I":1,"DU":1,"E":[{"SI":{"SN":"Parts/Bamber (Corny)/IdleFace","IN":"","ST":"G","FF":0,"LP":"LP","TRP":{"x":71.75,"y":70.05},"M3D":[0.983184814453125,0.1767425537109375,0.0,0.0,-0.1767425537109375,0.983184814453125,0.0,0.0,0.0,0.0,1.0,0.0,-52.0,-379.05,0.0,1.0]}}]},{"I":2,"DU":1,"E":[{"SI":{"SN":"Parts/Bamber (Corny)/IdleFace","IN":"","ST":"G","FF":0,"LP":"LP","TRP":{"x":71.7,"y":70.05},"M3D":[0.9625701904296875,0.2661590576171875,0.0,0.0,-0.2661590576171875,0.9625701904296875,0.0,0.0,0.0,0.0,1.0,0.0,-39.3,-382.75,0.0,1.0]}}]},{"I":3,"DU":1,"E":[{"SI":{"SN":"Parts/Bamber (Corny)/IdleFace","IN":"","ST":"G","FF":0,"LP":"LP","TRP":{"x":71.7,"y":70.05},"M3D":[0.93548583984375,0.348968505859375,0.0,0.0,-0.348968505859375,0.93548583984375,0.0,0.0,0.0,0.0,1.0,0.0,-23.5,-388.6,0.0,1.0]}}]},{"I":4,"DU":1,"E":[{"SI":{"SN":"Parts/Bamber (Corny)/IdleFace","IN":"","ST":"G","FF":0,"LP":"LP","TRP":{"x":71.7,"y":70.05},"M3D":[0.9310302734375,0.360595703125,0.0,0.0,-0.360595703125,0.9310302734375,0.0,0.0,0.0,0.0,1.0,0.0,-22.7,-393.3,0.0,1.0]}}]},{"I":5,"DU":1,"E":[{"SI":{"SN":"Parts/Bamber (Corny)/IdleFace","IN":"","ST":"G","FF":0,"LP":"LP","TRP":{"x":71.7,"y":70.05},"M3D":[0.9403076171875,0.33587646484375,0.0,0.0,-0.33587646484375,0.9403076171875,0.0,0.0,0.0,0.0,1.0,0.0,-30.3,-396.2,0.0,1.0]}}]},{"I":6,"DU":1,"E":[{"SI":{"SN":"Parts/Bamber (Corny)/IdleFace","IN":"","ST":"G","FF":0,"LP":"LP","TRP":{"x":71.75,"y":70.05},"M3D":[0.9703369140625,0.236602783203125,0.0,0.0,-0.236602783203125,0.9703369140625,0.0,0.0,0.0,0.0,1.0,0.0,-47.85,-400.55,0.0,1.0]}}]},{"I":7,"DU":1,"E":[{"SI":{"SN":"Parts/Bamber (Corny)/IdleFace","IN":"","ST":"G","FF":0,"LP":"LP","TRP":{"x":71.7,"y":70.10000000000001},"M3D":[0.99468994140625,0.0946044921875,0.0,0.0,-0.0946044921875,0.99468994140625,0.0,0.0,0.0,0.0,1.0,0.0,-70.9,-395.75,0.0,1.0]}}]},{"I":8,"DU":1,"E":[{"SI":{"SN":"Parts/Bamber (Corny)/IdleFace","IN":"","ST":"G","FF":0,"LP":"LP","TRP":{"x":71.65,"y":70.05},"M3D":[0.999420166015625,0.01104736328125,0.0,0.0,-0.01104736328125,0.999420166015625,0.0,0.0,0.0,0.0,1.0,0.0,-80.4,-388.45,0.0,1.0]}}]},{"I":9,"DU":5,"E":[{"SI":{"SN":"Parts/Bamber (Corny)/IdleFace","IN":"","ST":"G","FF":0,"LP":"LP","TRP":{"x":71.75,"y":70.05},"M3D":[0.99932861328125,-0.0238494873046875,0.0,0.0,0.0238494873046875,0.99932861328125,0.0,0.0,0.0,0.0,1.0,0.0,-84.4,-382.55,0.0,1.0]}}]}]},{"LN":"idk","FR":[{"I":0,"DU":1,"E":[{"ASI":{"N":"0023","M3D":[1.0,0.0,0.0,0.0,0.0,1.0,0.0,0.0,0.0,0.0,1.0,0.0,-67.0,-193.0,0.0,1.0]}}]},{"I":1,"DU":1,"E":[{"ASI":{"N":"0024","M3D":[1.0,0.0,0.0,0.0,0.0,1.0,0.0,0.0,0.0,0.0,1.0,0.0,-72.0,-194.0,0.0,1.0]}}]},{"I":2,"DU":1,"E":[{"ASI":{"N":"0025","M3D":[1.0,0.0,0.0,0.0,0.0,1.0,0.0,0.0,0.0,0.0,1.0,0.0,-76.0,-200.0,0.0,1.0]}}]},{"I":3,"DU":1,"E":[{"ASI":{"N":"0026","M3D":[1.0,0.0,0.0,0.0,0.0,1.0,0.0,0.0,0.0,0.0,1.0,0.0,-76.0,-209.0,0.0,1.0]}}]},{"I":4,"DU":1,"E":[{"ASI":{"N":"0027","M3D":[1.0,0.0,0.0,0.0,0.0,1.0,0.0,0.0,0.0,0.0,1.0,0.0,-78.0,-214.0,0.0,1.0]}}]},{"I":5,"DU":1,"E":[{"ASI":{"N":"0028","M3D":[1.0,0.0,0.0,0.0,0.0,1.0,0.0,0.0,0.0,0.0,1.0,0.0,-80.0,-216.0,0.0,1.0]}}]},{"I":6,"DU":1,"E":[{"ASI":{"N":"0029","M3D":[1.0,0.0,0.0,0.0,0.0,1.0,0.0,0.0,0.0,0.0,1.0,0.0,-79.0,-217.0,0.0,1.0]}}]},{"I":7,"DU":1,"E":[{"ASI":{"N":"0030","M3D":[1.0,0.0,0.0,0.0,0.0,1.0,0.0,0.0,0.0,0.0,1.0,0.0,-75.0,-211.0,0.0,1.0]}}]},{"I":8,"DU":1,"E":[{"ASI":{"N":"0031","M3D":[1.0,0.0,0.0,0.0,0.0,1.0,0.0,0.0,0.0,0.0,1.0,0.0,-68.0,-206.0,0.0,1.0]}}]},{"I":9,"DU":5,"E":[{"ASI":{"N":"0032","M3D":[1.0,0.0,0.0,0.0,0.0,1.0,0.0,0.0,0.0,0.0,1.0,0.0,-66.0,-202.0,0.0,1.0]}}]}]},{"LN":"Base","FR":[{"I":0,"DU":1,"E":[{"SI":{"SN":"Parts/Bamber (Corny)/Base","IN":"","ST":"MC","TRP":{"x":93.80000000000001,"y":134.55},"M3D":[0.9986572265625,0.0518035888671875,0.0,0.0,-0.0518035888671875,0.9986572265625,0.0,0.0,0.0,0.0,1.0,0.0,-64.4,-235.55,0.0,1.0]}}]},{"I":1,"DU":1,"E":[{"SI":{"SN":"Parts/Bamber (Corny)/Base","IN":"","ST":"MC","TRP":{"x":93.80000000000001,"y":134.55},"M3D":[0.97918701171875,0.20294189453125,0.0,0.0,-0.20294189453125,0.97918701171875,0.0,0.0,0.0,0.0,1.0,0.0,-61.95,-238.9,0.0,1.0]}}]},{"I":2,"DU":1,"E":[{"SI":{"SN":"Parts/Bamber (Corny)/Base","IN":"","ST":"MC","TRP":{"x":93.80000000000001,"y":134.55},"M3D":[0.95635986328125,0.2921142578125,0.0,0.0,-0.2921142578125,0.95635986328125,0.0,0.0,0.0,0.0,1.0,0.0,-62.1,-244.15,0.0,1.0]}}]},{"I":3,"DU":1,"E":[{"SI":{"SN":"Parts/Bamber (Corny)/Base","IN":"","ST":"MC","TRP":{"x":93.85000000000001,"y":134.6},"M3D":[0.927520751953125,0.3737640380859375,0.0,0.0,-0.3737640380859375,0.927520751953125,0.0,0.0,0.0,0.0,1.0,0.0,-58.2,-252.5,0.0,1.0]}}]},{"I":4,"DU":1,"E":[{"SI":{"SN":"Parts/Bamber (Corny)/Base","IN":"","ST":"MC","TRP":{"x":93.9,"y":134.55},"M3D":[0.92352294921875,0.383514404296875,0.0,0.0,-0.383514404296875,0.92352294921875,0.0,0.0,0.0,0.0,1.0,0.0,-59.05,-257.4,0.0,1.0]}}]},{"I":5,"DU":1,"E":[{"SI":{"SN":"Parts/Bamber (Corny)/Base","IN":"","ST":"MC","TRP":{"x":93.85000000000001,"y":134.55},"M3D":[0.9335784912109375,0.358367919921875,0.0,0.0,-0.358367919921875,0.9335784912109375,0.0,0.0,0.0,0.0,1.0,0.0,-62.9,-259.35,0.0,1.0]}}]},{"I":6,"DU":1,"E":[{"SI":{"SN":"Parts/Bamber (Corny)/Base","IN":"","ST":"MC","TRP":{"x":93.9,"y":134.6},"M3D":[0.96484375,0.2628021240234375,0.0,0.0,-0.2628021240234375,0.96484375,0.0,0.0,0.0,0.0,1.0,0.0,-66.35,-261.25,0.0,1.0]}}]},{"I":7,"DU":1,"E":[{"SI":{"SN":"Parts/Bamber (Corny)/Base","IN":"","ST":"MC","TRP":{"x":93.80000000000001,"y":134.55},"M3D":[0.9926605224609375,0.12091064453125,0.0,0.0,-0.12091064453125,0.9926605224609375,0.0,0.0,0.0,0.0,1.0,0.0,-69.2,-255.2,0.0,1.0]}}]},{"I":8,"DU":1,"E":[{"SI":{"SN":"Parts/Bamber (Corny)/Base","IN":"","ST":"MC","TRP":{"x":93.85000000000001,"y":134.6},"M3D":[0.9993896484375,0.0349273681640625,0.0,0.0,-0.0349273681640625,0.9993896484375,0.0,0.0,0.0,0.0,1.0,0.0,-66.65,-248.4,0.0,1.0]}}]},{"I":9,"DU":5,"E":[{"SI":{"SN":"Parts/Bamber (Corny)/Base","IN":"","ST":"MC","TRP":{"x":93.80000000000001,"y":134.55},"M3D":[1.0,0.0,0.0,0.0,0.0,1.0,0.0,0.0,0.0,0.0,1.0,0.0,-65.75,-243.1,0.0,1.0]}}]}]},{"LN":"Cob","FR":[{"I":0,"DU":1,"E":[{"ASI":{"N":"0000","M3D":[0.9999847412109375,0.0,0.0,0.0,0.0,0.9999847412109375,0.0,0.0,0.0,0.0,1.0,0.0,-86.0,-488.0,0.0,1.0]}}]},{"I":1,"DU":1,"E":[{"ASI":{"N":"0000","M3D":[0.9878387451171875,0.152099609375,0.0,0.0,-0.152099609375,0.9878387451171875,0.0,0.0,0.0,0.0,1.0,0.0,-42.8,-488.85,0.0,1.0]}}]},{"I":2,"DU":1,"E":[{"ASI":{"N":"0000","M3D":[0.9694671630859375,0.2420654296875,0.0,0.0,-0.2420654296875,0.9694671630859375,0.0,0.0,0.0,0.0,1.0,0.0,-20.1,-491.25,0.0,1.0]}}]},{"I":3,"DU":1,"E":[{"ASI":{"N":"0000","M3D":[0.9444580078125,0.3255615234375,0.0,0.0,-0.3255615234375,0.9444580078125,0.0,0.0,0.0,0.0,1.0,0.0,5.15,-495.0,0.0,1.0]}}]},{"I":4,"DU":1,"E":[{"ASI":{"N":"0000","M3D":[0.9402923583984375,0.3373260498046875,0.0,0.0,-0.3373260498046875,0.9402923583984375,0.0,0.0,0.0,0.0,1.0,0.0,7.2,-499.3,0.0,1.0]}}]},{"I":5,"DU":1,"E":[{"ASI":{"N":"0000","M3D":[0.9489593505859375,0.312347412109375,0.0,0.0,-0.312347412109375,0.9489593505859375,0.0,0.0,0.0,0.0,1.0,0.0,-3.15,-503.0,0.0,1.0]}}]},{"I":6,"DU":1,"E":[{"ASI":{"N":"0000","M3D":[0.9764862060546875,0.212310791015625,0.0,0.0,-0.212310791015625,0.9764862060546875,0.0,0.0,0.0,0.0,1.0,0.0,-31.95,-509.6,0.0,1.0]}}]},{"I":7,"DU":1,"E":[{"ASI":{"N":"0000","M3D":[0.997314453125,0.0696563720703125,0.0,0.0,-0.0696563720703125,0.997314453125,0.0,0.0,0.0,0.0,1.0,0.0,-70.85,-505.95,0.0,1.0]}}]},{"I":8,"DU":1,"E":[{"ASI":{"N":"0000","M3D":[0.9999237060546875,-0.0140380859375,0.0,0.0,0.0140380859375,0.9999237060546875,0.0,0.0,0.0,0.0,1.0,0.0,-89.6,-498.35,0.0,1.0]}}]},{"I":9,"DU":5,"E":[{"ASI":{"N":"0000","M3D":[0.9989471435546875,-0.0489501953125,0.0,0.0,0.0489501953125,0.9989471435546875,0.0,0.0,0.0,0.0,1.0,0.0,-97.4,-492.05,0.0,1.0]}}]}]}]}},{"SN":"Parts/Bamber (Corny)/IdleLeg","TL":{"L":[{"LN":"Layer_2","FR":[{"I":0,"DU":1,"E":[{"ASI":{"N":"0017","M3D":[0.5888824462890625,0.0,0.0,0.0,0.0,0.5888824462890625,0.0,0.0,0.0,0.0,1.0,0.0,0.0,0.0,0.0,1.0]}}]}]}]}},{"SN":"Parts/Bamber (Corny)/IdleLeg2","TL":{"L":[{"LN":"Layer_2","FR":[{"I":0,"DU":1,"E":[{"ASI":{"N":"0018","M3D":[0.58721923828125,0.0,0.0,0.0,0.0,0.58721923828125,0.0,0.0,0.0,0.0,1.0,0.0,0.0,0.0,0.0,1.0]}}]}]}]}},{"SN":"Parts/Bamber (Corny)/ClenchedHand","TL":{"L":[{"LN":"Layer_2","FR":[{"I":0,"DU":1,"E":[{"ASI":{"N":"0019","M3D":[0.9999847412109375,0.0,0.0,0.0,0.0,0.9999847412109375,0.0,0.0,0.0,0.0,1.0,0.0,0.0,0.0,0.0,1.0]}}]}]}]}},{"SN":"Parts/Microphone","TL":{"L":[{"LN":"Layer_4","FR":[{"I":0,"DU":1,"E":[{"ASI":{"N":"0020","M3D":[1.0,0.0,0.0,0.0,0.0,1.0,0.0,0.0,0.0,0.0,1.0,0.0,-21.0,-71.0,0.0,1.0]}}]}]}]}},{"SN":"Parts/Bamber (Corny)/Leaf","TL":{"L":[{"LN":"Layer_2","FR":[{"I":0,"DU":1,"E":[{"ASI":{"N":"0021","M3D":[1.0,0.0,0.0,0.0,0.0,1.0,0.0,0.0,0.0,0.0,1.0,0.0,-9.0,-3.0,0.0,1.0]}}]}]}]}},{"SN":"Parts/Bamber (Corny)/IdleFace","TL":{"L":[{"LN":"Layer_2","FR":[{"I":0,"DU":1,"E":[{"ASI":{"N":"0022","M3D":[1.0,0.0,0.0,0.0,0.0,1.0,0.0,0.0,0.0,0.0,1.0,0.0,0.0,0.0,0.0,1.0]}}]}]}]}},{"SN":"Parts/Bamber (Corny)/Base","TL":{"L":[{"LN":"Layer_2","FR":[{"I":0,"DU":1,"E":[{"ASI":{"N":"0033","M3D":[0.9999847412109375,0.0,0.0,0.0,0.0,0.9999847412109375,0.0,0.0,0.0,0.0,1.0,0.0,-2.95,-3.95,0.0,1.0]}}]}]}]}},{"SN":"Characters/Bamber/Corny-Left","TL":{"L":[{"LN":"Hand","FR":[{"I":0,"DU":1,"E":[{"ASI":{"N":"0034","M3D":[1.0,0.0,0.0,0.0,0.0,1.0,0.0,0.0,0.0,0.0,1.0,0.0,-227.0,-200.0,0.0,1.0]}}]},{"I":1,"DU":1,"E":[{"ASI":{"N":"0035","M3D":[1.0,0.0,0.0,0.0,0.0,1.0,0.0,0.0,0.0,0.0,1.0,0.0,-261.0,-197.0,0.0,1.0]}}]},{"I":2,"DU":1,"E":[{"ASI":{"N":"0036","M3D":[1.0,0.0,0.0,0.0,0.0,1.0,0.0,0.0,0.0,0.0,1.0,0.0,-267.0,-197.0,0.0,1.0]}}]},{"I":3,"DU":1,"E":[{"ASI":{"N":"0037","M3D":[1.0,0.0,0.0,0.0,0.0,1.0,0.0,0.0,0.0,0.0,1.0,0.0,-268.0,-193.0,0.0,1.0]}}]},{"I":4,"DU":1,"E":[{"ASI":{"N":"0038","M3D":[1.0,0.0,0.0,0.0,0.0,1.0,0.0,0.0,0.0,0.0,1.0,0.0,-259.0,-188.0,0.0,1.0]}}]},{"I":5,"DU":1,"E":[{"ASI":{"N":"0039","M3D":[1.0,0.0,0.0,0.0,0.0,1.0,0.0,0.0,0.0,0.0,1.0,0.0,-227.0,-190.0,0.0,1.0]}}]},{"I":6,"DU":3,"E":[{"ASI":{"N":"0040","M3D":[1.0,0.0,0.0,0.0,0.0,1.0,0.0,0.0,0.0,0.0,1.0,0.0,-219.0,-190.0,0.0,1.0]}}]}]},{"LN":"Legs","FR":[{"I":0,"DU":1,"E":[{"SI":{"SN":"Parts/Bamber (Corny)/IdleLeg","IN":"","ST":"MC","TRP":{"x":7.8500000000000009,"y":105.7},"M3D":[1.0,0.0,0.0,0.0,0.361328125,0.9843597412109375,0.0,0.0,0.0,0.0,1.0,0.0,13.1,-108.75,0.0,1.0]}},{"SI":{"SN":"Parts/Bamber (Corny)/IdleLeg2","IN":"","ST":"MC","TRP":{"x":61.6,"y":88.35000000000001},"M3D":[1.0,0.0,0.0,0.0,0.41058349609375,0.9793701171875,0.0,0.0,0.0,0.0,1.0,0.0,-170.0,-93.3,0.0,1.0]}}]},{"I":1,"DU":1,"E":[{"SI":{"SN":"Parts/Bamber (Corny)/IdleLeg","IN":"","ST":"MC","TRP":{"x":7.75,"y":105.75},"M3D":[1.0,0.0,0.0,0.0,0.5233154296875,1.0291748046875,0.0,0.0,0.0,0.0,1.0,0.0,-4.0,-113.5,0.0,1.0]}},{"SI":{"SN":"Parts/Bamber (Corny)/IdleLeg2","IN":"","ST":"MC","TRP":{"x":61.6,"y":88.35000000000001},"M3D":[1.0,0.0,0.0,0.0,0.5835418701171875,0.9314422607421875,0.0,0.0,0.0,0.0,1.0,0.0,-185.15,-89.1,0.0,1.0]}}]},{"I":2,"DU":1,"E":[{"SI":{"SN":"Parts/Bamber (Corny)/IdleLeg","IN":"","ST":"MC","TRP":{"x":7.800000000000001,"y":105.75},"M3D":[1.0,0.0,0.0,0.0,0.6498260498046875,1.0201416015625,0.0,0.0,0.0,0.0,1.0,0.0,-17.35,-112.55,0.0,1.0]}},{"SI":{"SN":"Parts/Bamber (Corny)/IdleLeg2","IN":"","ST":"MC","TRP":{"x":61.7,"y":88.25},"M3D":[1.0,0.0,0.0,0.0,0.7138519287109375,0.904296875,0.0,0.0,0.0,0.0,1.0,0.0,-196.8,-86.7,0.0,1.0]}}]},{"I":3,"DU":1,"E":[{"SI":{"SN":"Parts/Bamber (Corny)/IdleLeg","IN":"","ST":"MC","TRP":{"x":7.7,"y":105.7},"M3D":[1.0,0.0,0.0,0.0,0.65625,0.9843597412109375,0.0,0.0,0.0,0.0,1.0,0.0,-18.05,-108.75,0.0,1.0]}},{"SI":{"SN":"Parts/Bamber (Corny)/IdleLeg2","IN":"","ST":"MC","TRP":{"x":61.550000000000007,"y":88.30000000000001},"M3D":[1.0,0.0,0.0,0.0,0.709716796875,0.855621337890625,0.0,0.0,0.0,0.0,1.0,0.0,-196.35,-82.45,0.0,1.0]}}]},{"I":4,"DU":1,"E":[{"SI":{"SN":"Parts/Bamber (Corny)/IdleLeg","IN":"","ST":"MC","TRP":{"x":7.7,"y":105.65},"M3D":[1.0,0.0,0.0,0.0,0.5610198974609375,0.957183837890625,0.0,0.0,0.0,0.0,1.0,0.0,-7.95,-105.85,0.0,1.0]}},{"SI":{"SN":"Parts/Bamber (Corny)/IdleLeg2","IN":"","ST":"MC","TRP":{"x":61.65,"y":88.30000000000001},"M3D":[1.0,0.0,0.0,0.0,0.62249755859375,0.818206787109375,0.0,0.0,0.0,0.0,1.0,0.0,-188.75,-79.1,0.0,1.0]}}]},{"I":5,"DU":1,"E":[{"SI":{"SN":"Parts/Bamber (Corny)/IdleLeg","IN":"","ST":"MC","TRP":{"x":7.8500000000000009,"y":105.75},"M3D":[1.0,0.0,0.0,0.0,0.4166107177734375,0.9318084716796875,0.0,0.0,0.0,0.0,1.0,0.0,7.25,-103.15,0.0,1.0]}},{"SI":{"SN":"Parts/Bamber (Corny)/IdleLeg2","IN":"","ST":"MC","TRP":{"x":61.550000000000007,"y":88.35000000000001},"M3D":[1.0,0.0,0.0,0.0,0.475494384765625,0.83349609375,0.0,0.0,0.0,0.0,1.0,0.0,-175.75,-80.5,0.0,1.0]}}]},{"I":6,"DU":3,"E":[{"SI":{"SN":"Parts/Bamber (Corny)/IdleLeg","IN":"","ST":"MC","TRP":{"x":7.800000000000001,"y":105.7},"M3D":[1.0,0.0,0.0,0.0,0.30255126953125,0.94085693359375,0.0,0.0,0.0,0.0,1.0,0.0,19.35,-104.1,0.0,1.0]}},{"SI":{"SN":"Parts/Bamber (Corny)/IdleLeg2","IN":"","ST":"MC","TRP":{"x":61.6,"y":88.25},"M3D":[1.0,0.0,0.0,0.0,0.3597259521484375,0.880218505859375,0.0,0.0,0.0,0.0,1.0,0.0,-165.55,-84.6,0.0,1.0]}}]}]},{"LN":"MicHand","FR":[{"I":0,"DU":1,"E":[{"SI":{"SN":"Parts/Bamber (Corny)/ClenchedHand","IN":"","ST":"MC","TRP":{"x":37.45,"y":35.300000000000007},"M3D":[-0.0618896484375,-0.998046875,0.0,0.0,0.998046875,-0.0618896484375,0.0,0.0,0.0,0.0,1.0,0.0,97.6,-157.25,0.0,1.0]}}]},{"I":1,"DU":1,"E":[{"SI":{"SN":"Parts/Bamber (Corny)/ClenchedHand","IN":"","ST":"MC","TRP":{"x":37.4,"y":35.300000000000007},"M3D":[-0.31805419921875,-0.947998046875,0.0,0.0,0.947998046875,-0.31805419921875,0.0,0.0,0.0,0.0,1.0,0.0,62.05,-175.8,0.0,1.0]}}]},{"I":2,"DU":1,"E":[{"SI":{"SN":"Parts/Bamber (Corny)/ClenchedHand","IN":"","ST":"MC","TRP":{"x":37.4,"y":35.35},"M3D":[-0.4384765625,-0.898681640625,0.0,0.0,0.898681640625,-0.4384765625,0.0,0.0,0.0,0.0,1.0,0.0,62.9,-176.3,0.0,1.0]}}]},{"I":3,"DU":1,"E":[{"SI":{"SN":"Parts/Bamber (Corny)/ClenchedHand","IN":"","ST":"MC","TRP":{"x":37.35,"y":35.35},"M3D":[-0.488128662109375,-0.8726806640625,0.0,0.0,0.8726806640625,-0.488128662109375,0.0,0.0,0.0,0.0,1.0,0.0,63.75,-173.8,0.0,1.0]}}]},{"I":4,"DU":1,"E":[{"SI":{"SN":"Parts/Bamber (Corny)/ClenchedHand","IN":"","ST":"MC","TRP":{"x":37.300000000000007,"y":35.300000000000007},"M3D":[-0.5906829833984375,-0.8068084716796875,0.0,0.0,0.8068084716796875,-0.5906829833984375,0.0,0.0,0.0,0.0,1.0,0.0,79.45,-165.35,0.0,1.0]}}]},{"I":5,"DU":1,"E":[{"SI":{"SN":"Parts/Bamber (Corny)/ClenchedHand","IN":"","ST":"MC","TRP":{"x":37.300000000000007,"y":35.35},"M3D":[-0.638397216796875,-0.76959228515625,0.0,0.0,0.76959228515625,-0.638397216796875,0.0,0.0,0.0,0.0,1.0,0.0,102.0,-161.55,0.0,1.0]}}]},{"I":6,"DU":3,"E":[{"SI":{"SN":"Parts/Bamber (Corny)/ClenchedHand","IN":"","ST":"MC","TRP":{"x":37.300000000000007,"y":35.35},"M3D":[-0.6046142578125,-0.79638671875,0.0,0.0,0.79638671875,-0.6046142578125,0.0,0.0,0.0,0.0,1.0,0.0,106.35,-160.15,0.0,1.0]}}]}]},{"LN":"Mic","FR":[{"I":0,"DU":1,"E":[{"SI":{"SN":"Parts/Microphone","IN":"","ST":"MC","TRP":{"x":20.200000000000004,"y":10.55},"M3D":[0.611663818359375,-0.7908172607421875,0.0,0.0,0.7908172607421875,0.611663818359375,0.0,0.0,0.0,0.0,1.0,0.0,89.5,-203.25,0.0,1.0]}}]},{"I":1,"DU":1,"E":[{"SI":{"SN":"Parts/Microphone","IN":"","ST":"MC","TRP":{"x":20.150000000000003,"y":10.600000000000002},"M3D":[0.38555908203125,-0.92156982421875,0.0,0.0,0.92156982421875,0.38555908203125,0.0,0.0,0.0,0.0,1.0,0.0,42.25,-218.1,0.0,1.0]}}]},{"I":2,"DU":1,"E":[{"SI":{"SN":"Parts/Microphone","IN":"","ST":"MC","TRP":{"x":20.150000000000003,"y":10.600000000000002},"M3D":[0.2617645263671875,-0.9637451171875,0.0,0.0,0.9637451171875,0.2617645263671875,0.0,0.0,0.0,0.0,1.0,0.0,37.85,-215.7,0.0,1.0]}}]},{"I":3,"DU":1,"E":[{"SI":{"SN":"Parts/Microphone","IN":"","ST":"MC","TRP":{"x":20.150000000000003,"y":10.55},"M3D":[0.20989990234375,-0.97625732421875,0.0,0.0,0.97625732421875,0.20989990234375,0.0,0.0,0.0,0.0,1.0,0.0,36.5,-211.75,0.0,1.0]}}]},{"I":4,"DU":1,"E":[{"SI":{"SN":"Parts/Microphone","IN":"","ST":"MC","TRP":{"x":20.150000000000003,"y":10.600000000000002},"M3D":[0.0890350341796875,-0.9944305419921875,0.0,0.0,0.9944305419921875,0.0890350341796875,0.0,0.0,0.0,0.0,1.0,0.0,47.75,-199.7,0.0,1.0]}}]},{"I":5,"DU":1,"E":[{"SI":{"SN":"Parts/Microphone","IN":"","ST":"MC","TRP":{"x":20.150000000000003,"y":10.55},"M3D":[0.0280914306640625,-0.9979705810546875,0.0,0.0,0.9979705810546875,0.0280914306640625,0.0,0.0,0.0,0.0,1.0,0.0,68.3,-194.0,0.0,1.0]}}]},{"I":6,"DU":3,"E":[{"SI":{"SN":"Parts/Microphone","IN":"","ST":"MC","TRP":{"x":20.200000000000004,"y":10.65},"M3D":[0.071624755859375,-0.995819091796875,0.0,0.0,0.995819091796875,0.071624755859375,0.0,0.0,0.0,0.0,1.0,0.0,74.05,-193.95,0.0,1.0]}}]}]},{"LN":"Leaves","FR":[{"I":0,"DU":1,"E":[{"SI":{"SN":"Parts/Bamber (Corny)/Leaf","IN":"","ST":"MC","TRP":{"x":193.5,"y":19.1},"M3D":[0.965576171875,-0.2517547607421875,0.0,0.0,0.2517547607421875,0.965576171875,0.0,0.0,0.0,0.0,1.0,0.0,-247.2,-188.15,0.0,1.0]}},{"SI":{"SN":"Parts/Bamber (Corny)/FrontLeaf","IN":"","ST":"MC","TRP":{"x":78.7,"y":32.95},"M3D":[0.998992919921875,-0.03753662109375,0.0,0.0,0.03753662109375,0.998992919921875,0.0,0.0,0.0,0.0,1.0,0.0,-55.65,-254.2,0.0,1.0]}}]},{"I":1,"DU":1,"E":[{"SI":{"SN":"Parts/Bamber (Corny)/Leaf","IN":"","ST":"MC","TRP":{"x":196.4,"y":16.3},"M3D":[0.98492431640625,-0.1651611328125,0.0,0.0,0.1651611328125,0.98492431640625,0.0,0.0,0.0,0.0,1.0,0.0,-284.6,-199.9,0.0,1.0]}},{"SI":{"SN":"Parts/Bamber (Corny)/FrontLeaf","IN":"","ST":"MC","TRP":{"x":79.4,"y":32.25},"M3D":[0.98541259765625,-0.16510009765625,0.0,0.0,0.16510009765625,0.98541259765625,0.0,0.0,0.0,0.0,1.0,0.0,-91.15,-244.75,0.0,1.0]}}]},{"I":2,"DU":1,"E":[{"SI":{"SN":"Parts/Bamber (Corny)/Leaf","IN":"","ST":"MC","TRP":{"x":196.55,"y":16.15},"M3D":[0.9927978515625,-0.1087493896484375,0.0,0.0,0.1087493896484375,0.9927978515625,0.0,0.0,0.0,0.0,1.0,0.0,-297.65,-208.6,0.0,1.0]}},{"SI":{"SN":"Parts/Bamber (Corny)/FrontLeaf","IN":"","ST":"MC","TRP":{"x":78.75,"y":32.6},"M3D":[0.991363525390625,-0.1258544921875,0.0,0.0,0.1258544921875,0.991363525390625,0.0,0.0,0.0,0.0,1.0,0.0,-101.8,-243.25,0.0,1.0]}}]},{"I":3,"DU":1,"E":[{"SI":{"SN":"Parts/Bamber (Corny)/Leaf","IN":"","ST":"MC","TRP":{"x":196.45000000000003,"y":16.15},"M3D":[0.9949188232421875,-0.0867462158203125,0.0,0.0,0.0867462158203125,0.9949188232421875,0.0,0.0,0.0,0.0,1.0,0.0,-298.55,-209.95,0.0,1.0]}},{"SI":{"SN":"Parts/Bamber (Corny)/FrontLeaf","IN":"","ST":"MC","TRP":{"x":78.25,"y":33.15},"M3D":[0.99676513671875,-0.0741729736328125,0.0,0.0,0.0741729736328125,0.99676513671875,0.0,0.0,0.0,0.0,1.0,0.0,-100.45,-241.45,0.0,1.0]}}]},{"I":4,"DU":1,"E":[{"SI":{"SN":"Parts/Bamber (Corny)/Leaf","IN":"","ST":"MC","TRP":{"x":196.45000000000003,"y":16.15},"M3D":[0.998504638671875,0.0165557861328125,0.0,0.0,-0.0165557861328125,0.998504638671875,0.0,0.0,0.0,0.0,1.0,0.0,-288.05,-226.8,0.0,1.0]}},{"SI":{"SN":"Parts/Bamber (Corny)/FrontLeaf","IN":"","ST":"MC","TRP":{"x":78.85000000000001,"y":32.55},"M3D":[0.999298095703125,-0.004974365234375,0.0,0.0,0.004974365234375,0.999298095703125,0.0,0.0,0.0,0.0,1.0,0.0,-89.4,-238.55,0.0,1.0]}}]},{"I":5,"DU":1,"E":[{"SI":{"SN":"Parts/Bamber (Corny)/Leaf","IN":"","ST":"MC","TRP":{"x":196.5,"y":16.25},"M3D":[0.998779296875,-0.002166748046875,0.0,0.0,0.002166748046875,0.998779296875,0.0,0.0,0.0,0.0,1.0,0.0,-269.95,-224.8,0.0,1.0]}},{"SI":{"SN":"Parts/Bamber (Corny)/FrontLeaf","IN":"","ST":"MC","TRP":{"x":78.45,"y":33.0},"M3D":[0.9988861083984375,-0.036041259765625,0.0,0.0,0.036041259765625,0.9988861083984375,0.0,0.0,0.0,0.0,1.0,0.0,-71.6,-238.85,0.0,1.0]}}]},{"I":6,"DU":3,"E":[{"SI":{"SN":"Parts/Bamber (Corny)/Leaf","IN":"","ST":"MC","TRP":{"x":196.55,"y":16.2},"M3D":[0.998382568359375,-0.0349273681640625,0.0,0.0,0.0349273681640625,0.998382568359375,0.0,0.0,0.0,0.0,1.0,0.0,-254.55,-221.7,0.0,1.0]}},{"SI":{"SN":"Parts/Bamber (Corny)/FrontLeaf","IN":"","ST":"MC","TRP":{"x":78.25,"y":33.15},"M3D":[0.999755859375,-0.00018310546875,0.0,0.0,0.00018310546875,0.999755859375,0.0,0.0,0.0,0.0,1.0,0.0,-54.45,-242.75,0.0,1.0]}}]}]},{"LN":"Face","FR":[{"I":0,"DU":1,"E":[{"ASI":{"N":"0042","M3D":[1.0,0.0,0.0,0.0,0.0,1.0,0.0,0.0,0.0,0.0,1.0,0.0,-126.0,-379.0,0.0,1.0]}}]},{"I":1,"DU":1,"E":[{"ASI":{"N":"0043","M3D":[1.0,0.0,0.0,0.0,0.0,1.0,0.0,0.0,0.0,0.0,1.0,0.0,-172.0,-378.0,0.0,1.0]}}]},{"I":2,"DU":1,"E":[{"ASI":{"N":"0044","M3D":[1.0,0.0,0.0,0.0,0.0,1.0,0.0,0.0,0.0,0.0,1.0,0.0,-184.0,-377.0,0.0,1.0]}}]},{"I":3,"DU":1,"E":[{"ASI":{"N":"0045","M3D":[1.0,0.0,0.0,0.0,0.0,1.0,0.0,0.0,0.0,0.0,1.0,0.0,-185.0,-374.0,0.0,1.0]}}]},{"I":4,"DU":1,"E":[{"ASI":{"N":"0046","M3D":[1.0,0.0,0.0,0.0,0.0,1.0,0.0,0.0,0.0,0.0,1.0,0.0,-174.0,-370.0,0.0,1.0]}}]},{"I":5,"DU":1,"E":[{"ASI":{"N":"0047","M3D":[1.0,0.0,0.0,0.0,0.0,1.0,0.0,0.0,0.0,0.0,1.0,0.0,-152.0,-370.0,0.0,1.0]}}]},{"I":6,"DU":3,"E":[{"ASI":{"N":"0048","M3D":[1.0,0.0,0.0,0.0,0.0,1.0,0.0,0.0,0.0,0.0,1.0,0.0,-131.0,-371.0,0.0,1.0]}}]}]},{"LN":"idk","FR":[{"I":0,"DU":1,"E":[{"ASI":{"N":"0049","M3D":[1.0,0.0,0.0,0.0,0.0,1.0,0.0,0.0,0.0,0.0,1.0,0.0,-100.0,-194.0,0.0,1.0]}}]},{"I":1,"DU":1,"E":[{"ASI":{"N":"0050","M3D":[1.0,0.0,0.0,0.0,0.0,1.0,0.0,0.0,0.0,0.0,1.0,0.0,-126.0,-185.0,0.0,1.0]}}]},{"I":2,"DU":1,"E":[{"ASI":{"N":"0051","M3D":[1.0,0.0,0.0,0.0,0.0,1.0,0.0,0.0,0.0,0.0,1.0,0.0,-138.0,-182.0,0.0,1.0]}}]},{"I":3,"DU":1,"E":[{"ASI":{"N":"0051","M3D":[1.0,0.0,0.0,0.0,0.0,1.0,0.0,0.0,0.0,0.0,1.0,0.0,-138.75,-179.05,0.0,1.0]}}]},{"I":4,"DU":1,"E":[{"ASI":{"N":"0052","M3D":[1.0,0.0,0.0,0.0,0.0,1.0,0.0,0.0,0.0,0.0,1.0,0.0,-130.0,-176.0,0.0,1.0]}}]},{"I":5,"DU":1,"E":[{"ASI":{"N":"0053",