{
"AN": {
"N": "Bamber Menu",
"STI": {
"SI": {
"SN": "SpinningClouds",
"IN": "",
"ST": "G",
"FF": 0,
"LP": "LP",
"TRP": {
"x": 641.0,
"y": 641.0
},
"M3D": [
1.0,
0.0,
0.0,
0.0,
0.0,
1.0,
0.0,
0.0,
0.0,
0.0,
1.0,
0.0,
1318.0,
-324.0,
0.0,
1.0
]
}
},
"SN": "SpinningClouds",
"TL": {
"L": [
{
"LN": "Layer_1",
"FR": [
{
"I": 0,
"DU": 1,
"E": [
{
"SI": {
"SN": "_PARTS/Scenes/TitleScreen/Tween 2",
"IN": "",
"ST": "G",
"FF": 0,
"LP": "LP",
"TRP": {
"x": 0.0,
"y": 0.0
},
"M3D": [
1.0,
0.0,
0.0,
0.0,
0.0,
1.0,
0.0,
0.0,
0.0,
0.0,
1.0,
0.0,
641.0,
641.0,
0.0,
1.0
]
}
}
]
},
{
"I": 1,
"DU": 1,
"E": [
{
"SI": {
"SN": "_PARTS/Scenes/TitleScreen/Tween 2",
"IN": "",
"ST": "G",
"FF": 0,
"LP": "LP",
"TRP": {
"x": 0.05,
"y": 0.05
},
"M3D": [
0.999969482421875,
0.00555419921875,
0.0,
0.0,
-0.00555419921875,
0.999969482421875,
0.0,
0.0,
0.0,
0.0,
1.0,
0.0,
641.0,
641.0,
0.0,
1.0
]
}
}
]
},
{
"I": 2,
"DU": 1,
"E": [
{
"SI": {
"SN": "_PARTS/Scenes/TitleScreen/Tween 2",
"IN": "",
"ST": "G",
"FF": 0,
"LP": "LP",
"TRP": {
"x": 0.05,
"y": 0.0
},
"M3D": [
0.9999237060546875,
0.0111083984375,
0.0,
0.0,
-0.0111083984375,
0.9999237060546875,
0.0,
0.0,
0.0,
0.0,
1.0,
0.0,
641.0,
641.0,
0.0,
1.0
]
}
}
]
},
{
"I": 3,
"DU": 1,
"E": [
{
"SI": {
"SN": "_PARTS/Scenes/TitleScreen/Tween 2",
"IN": "",
"ST": "G",
"FF": 0,
"LP": "LP",
"TRP": {
"x": 0.05,
"y": 0.0
},
"M3D": [
0.9998626708984375,
0.0164794921875,
0.0,
0.0,
-0.0164794921875,
0.9998626708984375,
0.0,
0.0,
0.0,
0.0,
1.0,
0.0,
641.0,
641.0,
0.0,
1.0
]
}
}
]
},
{
"I": 4,
"DU": 1,
"E": [
{
"SI": {
"SN": "_PARTS/Scenes/TitleScreen/Tween 2",
"IN": "",
"ST": "G",
"FF": 0,
"LP": "LP",
"TRP": {
"x": 0.05,
"y": 0.0
},
"M3D": [
0.999755859375,
0.02203369140625,
0.0,
0.0,
-0.02203369140625,
0.999755859375,
0.0,
0.0,
0.0,
0.0,
1.0,
0.0,
641.0,
641.0,
0.0,
1.0
]
}
}
]
},
{
"I": 5,
"DU": 1,
"E": [
{
"SI": {
"SN": "_PARTS/Scenes/TitleScreen/Tween 2",
"IN": "",
"ST": "G",
"FF": 0,
"LP": "LP",
"TRP": {
"x": 0.0,
"y": 0.05
},
"M3D": [
0.9996185302734375,
0.027587890625,
0.0,
0.0,
-0.027587890625,
0.9996185302734375,
0.0,
0.0,
0.0,
0.0,
1.0,
0.0,
641.0,
641.0,
0.0,
1.0
]
}
}
]
},
{
"I": 6,
"DU": 1,
"E": [
{
"SI": {
"SN": "_PARTS/Scenes/TitleScreen/Tween 2",
"IN": "",
"ST": "G",
"FF": 0,
"LP": "LP",
"TRP": {
"x": 0.05,
"y": 0.05
},
"M3D": [
0.9994354248046875,
0.03314208984375,
0.0,
0.0,
-0.03314208984375,
0.9994354248046875,
0.0,
0.0,
0.0,
0.0,
1.0,
0.0,
641.0,
641.0,
0.0,
1.0
]
}
}
]
},
{
"I": 7,
"DU": 1,
"E": [
{
"SI": {
"SN": "_PARTS/Scenes/TitleScreen/Tween 2",
"IN": "",
"ST": "G",
"FF": 0,
"LP": "LP",
"TRP": {
"x": 0.0,
"y": 0.05
},
"M3D": [
0.9992523193359375,
0.0384979248046875,
0.0,
0.0,
-0.0384979248046875,
0.9992523193359375,
0.0,
0.0,
0.0,
0.0,
1.0,
0.0,
641.0,
641.0,
0.0,
1.0
]
}
}
]
},
{
"I": 8,
"DU": 1,
"E": [
{
"SI": {
"SN": "_PARTS/Scenes/TitleScreen/Tween 2",
"IN": "",
"ST": "G",
"FF": 0,
"LP": "LP",
"TRP": {
"x": 0.0,
"y": 0.0
},
"M3D": [
0.9990234375,
0.0440521240234375,
0.0,
0.0,
-0.0440521240234375,
0.9990234375,
0.0,
0.0,
0.0,
0.0,
1.0,
0.0,
641.0,
641.0,
0.0,
1.0
]
}
}
]
},
{
"I": 9,
"DU": 1,
"E": [
{
"SI": {
"SN": "_PARTS/Scenes/TitleScreen/Tween 2",
"IN": "",
"ST": "G",
"FF": 0,
"LP": "LP",
"TRP": {
"x": 0.0,
"y": 0.0
},
"M3D": [
0.9987640380859375,
0.0496063232421875,
0.0,
0.0,
-0.0496063232421875,
0.9987640380859375,
0.0,
0.0,
0.0,
0.0,
1.0,
0.0,
641.0,
641.0,
0.0,
1.0
]
}
}
]
},
{
"I": 10,
"DU": 1,
"E": [
{
"SI": {
"SN": "_PARTS/Scenes/TitleScreen/Tween 2",
"IN": "",
"ST": "G",
"FF": 0,
"LP": "LP",
"TRP": {
"x": 0.0,
"y": 0.0
},
"M3D": [
0.99847412109375,
0.0551605224609375,
0.0,
0.0,
-0.0551605224609375,
0.99847412109375,
0.0,
0.0,
0.0,
0.0,
1.0,
0.0,
641.0,
641.0,
0.0,
1.0
]
}
}
]
},
{
"I": 11,
"DU": 1,
"E": [
{
"SI": {
"SN": "_PARTS/Scenes/TitleScreen/Tween 2",
"IN": "",
"ST": "G",
"FF": 0,
"LP": "LP",
"TRP": {
"x": 0.0,
"y": 0.0
},
"M3D": [
0.9981536865234375,
0.060516357421875,
0.0,
0.0,
-0.060516357421875,
0.9981536865234375,
0.0,
0.0,
0.0,
0.0,
1.0,
0.0,
641.0,
641.0,
0.0,
1.0
]
}
}
]
},
{
"I": 12,
"DU": 1,
"E": [
{
"SI": {
"SN": "_PARTS/Scenes/TitleScreen/Tween 2",
"IN": "",
"ST": "G",
"FF": 0,
"LP": "LP",
"TRP": {
"x": 0.0,
"y": 0.05
},
"M3D": [
0.997802734375,
0.0660552978515625,
0.0,
0.0,
-0.0660552978515625,
0.997802734375,
0.0,
0.0,
0.0,
0.0,
1.0,
0.0,
641.0,
641.0,
0.0,
1.0
]
}
}
]
},
{
"I": 13,
"DU": 1,
"E": [
{
"SI": {
"SN": "_PARTS/Scenes/TitleScreen/Tween 2",
"IN": "",
"ST": "G",
"FF": 0,
"LP": "LP",
"TRP": {
"x": 0.05,
"y": 0.05
},
"M3D": [
0.9974212646484375,
0.0716094970703125,
0.0,
0.0,
-0.0716094970703125,
0.9974212646484375,
0.0,
0.0,
0.0,
0.0,
1.0,
0.0,
641.0,
641.0,
0.0,
1.0
]
}
}
]
},
{
"I": 14,
"DU": 1,
"E": [
{
"SI": {
"SN": "_PARTS/Scenes/TitleScreen/Tween 2",
"IN": "",
"ST": "G",
"FF": 0,
"LP": "LP",
"TRP": {
"x": 0.05,
"y": 0.05
},
"M3D": [
0.99700927734375,
0.0771484375,
0.0,
0.0,
-0.0771484375,
0.99700927734375,
0.0,
0.0,
0.0,
0.0,
1.0,
0.0,
641.0,
641.0,
0.0,
1.0
]
}
}
]
},
{
"I": 15,
"DU": 1,
"E": [
{
"SI": {
"SN": "_PARTS/Scenes/TitleScreen/Tween 2",
"IN": "",
"ST": "G",
"FF": 0,
"LP": "LP",
"TRP": {
"x": 0.0,
"y": 0.05
},
"M3D": [
0.99658203125,
0.0825042724609375,
0.0,
0.0,
-0.0825042724609375,
0.99658203125,
0.0,
0.0,
0.0,
0.0,
1.0,
0.0,
641.0,
641.0,
0.0,
1.0
]
}
}
]
},
{
"I": 16,
"DU": 1,
"E": [
{
"SI": {
"SN": "_PARTS/Scenes/TitleScreen/Tween 2",
"IN": "",
"ST": "G",
"FF": 0,
"LP": "LP",
"TRP": {
"x": 0.0,
"y": 0.05
},
"M3D": [
0.9961090087890625,
0.088043212890625,
0.0,
0.0,
-0.088043212890625,
0.9961090087890625,
0.0,
0.0,
0.0,
0.0,
1.0,
0.0,
641.0,
641.0,
0.0,
1.0
]
}
}
]
},
{
"I": 17,
"DU": 1,
"E": [
{
"SI": {
"SN": "_PARTS/Scenes/TitleScreen/Tween 2",
"IN": "",
"ST": "G",
"FF": 0,
"LP": "LP",
"TRP": {
"x": 0.0,
"y": 0.05
},
"M3D": [
0.99560546875,
0.09356689453125,
0.0,
0.0,
-0.09356689453125,
0.99560546875,
0.0,
0.0,
0.0,
0.0,
1.0,
0.0,
641.0,
641.0,
0.0,
1.0
]
}
}
]
},
{
"I": 18,
"DU": 1,
"E": [
{
"SI": {
"SN": "_PARTS/Scenes/TitleScreen/Tween 2",
"IN": "",
"ST": "G",
"FF": 0,
"LP": "LP",
"TRP": {
"x": 0.0,
"y": 0.05
},
"M3D": [
0.9950714111328125,
0.0991058349609375,
0.0,
0.0,
-0.0991058349609375,
0.9950714111328125,
0.0,
0.0,
0.0,
0.0,
1.0,
0.0,
641.0,
641.0,
0.0,
1.0
]
}
}
]
},
{
"I": 19,
"DU": 1,
"E": [
{
"SI": {
"SN": "_PARTS/Scenes/TitleScreen/Tween 2",
"IN": "",
"ST": "G",
"FF": 0,
"LP": "LP",
"TRP": {
"x": 0.05,
"y": 0.05
},
"M3D": [
0.9945220947265625,
0.1044464111328125,
0.0,
0.0,
-0.1044464111328125,
0.9945220947265625,
0.0,
0.0,
0.0,
0.0,
1.0,
0.0,
641.0,
641.0,
0.0,
1.0
]
}
}
]
},
{
"I": 20,
"DU": 1,
"E": [
{
"SI": {
"SN": "_PARTS/Scenes/TitleScreen/Tween 2",
"IN": "",
"ST": "G",
"FF": 0,
"LP": "LP",
"TRP": {
"x": 0.0,
"y": 0.05
},
"M3D": [
0.993927001953125,
0.1099700927734375,
0.0,
0.0,
-0.1099700927734375,
0.993927001953125,
0.0,
0.0,
0.0,
0.0,
1.0,
0.0,
641.0,
641.0,
0.0,
1.0
]
}
}
]
},
{
"I": 21,
"DU": 1,
"E": [
{
"SI": {
"SN": "_PARTS/Scenes/TitleScreen/Tween 2",
"IN": "",
"ST": "G",
"FF": 0,
"LP": "LP",
"TRP": {
"x": 0.0,
"y": 0.05
},
"M3D": [
0.9933013916015625,
0.1154937744140625,
0.0,
0.0,
-0.1154937744140625,
0.9933013916015625,
0.0,
0.0,
0.0,
0.0,
1.0,
0.0,
641.0,
641.0,
0.0,
1.0
]
}
}
]
},
{
"I": 22,
"DU": 1,
"E": [
{
"SI": {
"SN": "_PARTS/Scenes/TitleScreen/Tween 2",
"IN": "",
"ST": "G",
"FF": 0,
"LP": "LP",
"TRP": {
"x": 0.05,
"y": 0.05
},
"M3D": [
0.992645263671875,
0.121002197265625,
0.0,
0.0,
-0.121002197265625,
0.992645263671875,
0.0,
0.0,
0.0,
0.0,
1.0,
0.0,
641.0,
641.0,
0.0,
1.0
]
}
}
]
},
{
"I": 23,
"DU": 1,
"E": [
{
"SI": {
"SN": "_PARTS/Scenes/TitleScreen/Tween 2",
"IN": "",
"ST": "G",
"FF": 0,
"LP": "LP",
"TRP": {
"x": 0.0,
"y": 0.05
},
"M3D": [
0.991973876953125,
0.1263275146484375,
0.0,
0.0,
-0.1263275146484375,
0.991973876953125,
0.0,
0.0,
0.0,
0.0,
1.0,
0.0,
641.0,
641.0,
0.0,
1.0
]
}
}
]
},
{
"I": 24,
"DU": 1,
"E": [
{
"SI": {
"SN": "_PARTS/Scenes/TitleScreen/Tween 2",
"IN": "",
"ST": "G",
"FF": 0,
"LP": "LP",
"TRP": {
"x": 0.05,
"y": 0.0
},
"M3D": [
0.9912567138671875,
0.1318511962890625,
0.0,
0.0,
-0.1318511962890625,
0.9912567138671875,
0.0,
0.0,
0.0,
0.0,
1.0,
0.0,
641.0,
641.0,
0.0,
1.0
]
}
}
]
},
{
"I": 25,
"DU": 1,
"E": [
{
"SI": {
"SN": "_PARTS/Scenes/TitleScreen/Tween 2",
"IN": "",
"ST": "G",
"FF": 0,
"LP": "LP",
"TRP": {
"x": 0.0,
"y": 0.0
},
"M3D": [
0.990509033203125,
0.1373443603515625,
0.0,
0.0,
-0.1373443603515625,
0.990509033203125,
0.0,
0.0,
0.0,
0.0,
1.0,
0.0,
641.0,
641.0,
0.0,
1.0
]
}
}
]
},
{
"I": 26,
"DU": 1,
"E": [
{
"SI": {
"SN": "_PARTS/Scenes/TitleScreen/Tween 2",
"IN": "",
"ST": "G",
"FF": 0,
"LP": "LP",
"TRP": {
"x": 0.05,
"y": 0.0
},
"M3D": [
0.9897308349609375,
0.142852783203125,
0.0,
0.0,
-0.142852783203125,
0.9897308349609375,
0.0,
0.0,
0.0,
0.0,
1.0,
0.0,
641.0,
641.0,
0.0,
1.0
]
}
}
]
},
{
"I": 27,
"DU": 1,
"E": [
{
"SI": {
"SN": "_PARTS/Scenes/TitleScreen/Tween 2",
"IN": "",
"ST": "G",
"FF": 0,
"LP": "LP",
"TRP": {
"x": 0.05,
"y": 0.0
},
"M3D": [
0.98895263671875,
0.148162841796875,
0.0,
0.0,
-0.148162841796875,
0.98895263671875,
0.0,
0.0,
0.0,
0.0,
1.0,
0.0,
641.0,
641.0,
0.0,
1.0
]
}
}
]
},
{
"I": 28,
"DU": 1,
"E": [
{
"SI": {
"SN": "_PARTS/Scenes/TitleScreen/Tween 2",
"IN": "",
"ST": "G",
"FF": 0,
"LP": "LP",
"TRP": {
"x": 0.05,
"y": 0.05
},
"M3D": [
0.9881134033203125,
0.153656005859375,
0.0,
0.0,
-0.153656005859375,
0.9881134033203125,
0.0,
0.0,
0.0,
0.0,
1.0,
0.0,
641.0,
641.0,
0.0,
1.0
]
}
}
]
},
{
"I": 29,
"DU": 1,
"E": [
{
"SI": {
"SN": "_PARTS/Scenes/TitleScreen/Tween 2",
"IN": "",
"ST": "G",
"FF": 0,
"LP": "LP",
"TRP": {
"x": 0.0,
"y": 0.0
},
"M3D": [
0.98724365234375,
0.159149169921875,
0.0,
0.0,
-0.159149169921875,
0.98724365234375,
0.0,
0.0,
0.0,
0.0,
1.0,
0.0,
641.0,
641.0,
0.0,
1.0
]
}
}
]
},
{
"I": 30,
"DU": 1,
"E": [
{
"SI": {
"SN": "_PARTS/Scenes/TitleScreen/Tween 2",
"IN": "",
"ST": "G",
"FF": 0,
"LP": "LP",
"TRP": {
"x": 0.0,
"y": 0.05
},
"M3D": [
0.9863433837890625,
0.1646270751953125,
0.0,
0.0,
-0.1646270751953125,
0.9863433837890625,
0.0,
0.0,
0.0,
0.0,
1.0,
0.0,
641.0,
641.0,
0.0,
1.0
]
}
}
]
},
{
"I": 31,
"DU": 1,
"E": [
{
"SI": {
"SN": "_PARTS/Scenes/TitleScreen/Tween 2",
"IN": "",
"ST": "G",
"FF": 0,
"LP": "LP",
"TRP": {
"x": 0.05,
"y": 0.0
},
"M3D": [
0.985443115234375,
0.169921875,
0.0,
0.0,
-0.169921875,
0.985443115234375,
0.0,
0.0,
0.0,
0.0,
1.0,
0.0,
641.0,
641.0,
0.0,
1.0
]
}
}
]
},
{
"I": 32,
"DU": 1,
"E": [
{
"SI": {
"SN": "_PARTS/Scenes/TitleScreen/Tween 2",
"IN": "",
"ST": "G",
"FF": 0,
"LP": "LP",
"TRP": {
"x": 0.0,
"y": 0.05
},
"M3D": [
0.9844818115234375,
0.1753997802734375,
0.0,
0.0,
-0.1753997802734375,
0.9844818115234375,
0.0,
0.0,
0.0,
0.0,
1.0,
0.0,
641.0,
641.0,
0.0,
1.0
]
}
}
]
},
{
"I": 33,
"DU": 1,
"E": [
{
"SI": {
"SN": "_PARTS/Scenes/TitleScreen/Tween 2",
"IN": "",
"ST": "G",
"FF": 0,
"LP": "LP",
"TRP": {
"x": 0.05,
"y": 0.05
},
"M3D": [
0.9835052490234375,
0.1808624267578125,
0.0,
0.0,
-0.1808624267578125,
0.9835052490234375,
0.0,
0.0,
0.0,
0.0,
1.0,
0.0,
641.0,
641.0,
0.0,
1.0
]
}
}
]
},
{
"I": 34,
"DU": 1,
"E": [
{
"SI": {
"SN": "_PARTS/Scenes/TitleScreen/Tween 2",
"IN": "",
"ST": "G",
"FF": 0,
"LP": "LP",
"TRP": {
"x": 0.0,
"y": 0.0
},
"M3D": [
0.98248291015625,
0.1863250732421875,
0.0,
0.0,
-0.1863250732421875,
0.98248291015625,
0.0,
0.0,
0.0,
0.0,
1.0,
0.0,
641.0,
641.0,
0.0,
1.0
]
}
}
]
},
{
"I": 35,
"DU": 1,
"E": [
{
"SI": {
"SN": "_PARTS/Scenes/TitleScreen/Tween 2",
"IN": "",
"ST": "G",
"FF": 0,
"LP": "LP",
"TRP": {
"x": 0.05,
"y": 0.0
},
"M3D": [
0.9814605712890625,
0.1916046142578125,
0.0,
0.0,
-0.1916046142578125,
0.9814605712890625,
0.0,
0.0,
0.0,
0.0,
1.0,
0.0,
641.0,
641.0,
0.0,
1.0
]
}
}
]
},
{
"I": 36,
"DU": 1,
"E": [
{
"SI": {
"SN": "_PARTS/Scenes/TitleScreen/Tween 2",
"IN": "",
"ST": "G",
"FF": 0,
"LP": "LP",
"TRP": {
"x": 0.0,
"y": 0.0
},
"M3D": [
0.980377197265625,
0.197052001953125,
0.0,
0.0,
-0.197052001953125,
0.980377197265625,
0.0,
0.0,
0.0,
0.0,
1.0,
0.0,
641.0,
641.0,
0.0,
1.0
]
}
}
]
},
{
"I": 37,
"DU": 1,
"E": [
{
"SI": {
"SN": "_PARTS/Scenes/TitleScreen/Tween 2",
"IN": "",
"ST": "G",
"FF": 0,
"LP": "LP",
"TRP": {
"x": 0.0,
"y": 0.0
},
"M3D": [
0.979278564453125,
0.2024993896484375,
0.0,
0.0,
-0.2024993896484375,
0.979278564453125,
0.0,
0.0,
0.0,
0.0,
1.0,
0.0,
641.0,
641.0,
0.0,
1.0
]
}
}
]
},
{
"I": 38,
"DU": 1,
"E": [
{
"SI": {
"SN": "_PARTS/Scenes/TitleScreen/Tween 2",
"IN": "",
"ST": "G",
"FF": 0,
"LP": "LP",
"TRP": {
"x": 0.05,
"y": 0.05
},
"M3D": [
0.9781341552734375,
0.2079315185546875,
0.0,
0.0,
-0.2079315185546875,
0.9781341552734375,
0.0,
0.0,
0.0,
0.0,
1.0,
0.0,
641.0,
641.0,
0.0,
1.0
]
}
}
]
},
{
"I": 39,
"DU": 1,
"E": [
{
"SI": {
"SN": "_PARTS/Scenes/TitleScreen/Tween 2",
"IN": "",
"ST": "G",
"FF": 0,
"LP": "LP",
"TRP": {
"x": 0.05,
"y": 0.05
},
"M3D": [
0.976959228515625,
0.2133636474609375,
0.0,
0.0,
-0.2133636474609375,
0.976959228515625,
0.0,
0.0,
0.0,
0.0,
1.0,
0.0,
641.0,
641.0,
0.0,
1.0
]
}
}
]
},
{
"I": 40,
"DU": 1,
"E": [
{
"SI": {
"SN": "_PARTS/Scenes/TitleScreen/Tween 2",
"IN": "",
"ST": "G",
"FF": 0,
"LP": "LP",
"TRP": {
"x": 0.0,
"y": 0.05
},
"M3D": [
0.975799560546875,
0.2186126708984375,
0.0,
0.0,
-0.2186126708984375,
0.975799560546875,
0.0,
0.0,
0.0,
0.0,
1.0,
0.0,
641.0,
641.0,
0.0,
1.0
]
}
}
]
},
{
"I": 41,
"DU": 1,
"E": [
{
"SI": {
"SN": "_PARTS/Scenes/TitleScreen/Tween 2",
"IN": "",
"ST": "G",
"FF": 0,
"LP": "LP",
"TRP": {
"x": 0.0,
"y": 0.0
},
"M3D": [
0.974578857421875,
0.224029541015625,
0.0,
0.0,
-0.224029541015625,
0.974578857421875,
0.0,
0.0,
0.0,
0.0,
1.0,
0.0,
641.0,
641.0,
0.0,
1.0
]
}
}
]
},
{
"I": 42,
"DU": 1,
"E": [
{
"SI": {
"SN": "_PARTS/Scenes/TitleScreen/Tween 2",
"IN": "",
"ST": "G",
"FF": 0,
"LP": "LP",
"TRP": {
"x": 0.0,
"y": 0.05
},
"M3D": [
0.9733123779296875,
0.2294464111328125,
0.0,
0.0,
-0.2294464111328125,
0.9733123779296875,
0.0,
0.0,
0.0,
0.0,
1.0,
0.0,
641.0,
641.0,
0.0,
1.0
]
}
}
]
},
{
"I": 43,
"DU": 1,
"E": [
{
"SI": {
"SN": "_PARTS/Scenes/TitleScreen/Tween 2",
"IN": "",
"ST": "G",
"FF": 0,
"LP": "LP",
"TRP": {
"x": 0.0,
"y": 0.05
},
"M3D": [
0.972015380859375,
0.2348480224609375,
0.0,
0.0,
-0.2348480224609375,
0.972015380859375,
0.0,
0.0,
0.0,
0.0,
1.0,
0.0,
641.0,
641.0,
0.0,
1.0
]
}
}
]
},
{
"I": 44,
"DU": 1,
"E": [
{
"SI": {
"SN": "_PARTS/Scenes/TitleScreen/Tween 2",
"IN": "",
"ST": "G",
"FF": 0,
"LP": "LP",
"TRP": {
"x": 0.0,
"y": 0.05
},
"M3D": [
0.9707489013671875,
0.2400665283203125,
0.0,
0.0,
-0.2400665283203125,
0.9707489013671875,
0.0,
0.0,
0.0,
0.0,
1.0,
0.0,
641.0,
641.0,
0.0,
1.0
]
}
}
]
},
{
"I": 45,
"DU": 1,
"E": [
{
"SI": {
"SN": "_PARTS/Scenes/TitleScreen/Tween 2",
"IN": "",
"ST": "G",
"FF": 0,
"LP": "LP",
"TRP": {
"x": 0.0,
"y": 0.05
},
"M3D": [
0.9694061279296875,
0.245452880859375,
0.0,
0.0,
-0.245452880859375,
0.9694061279296875,
0.0,
0.0,
0.0,
0.0,
1.0,
0.0,
641.0,
641.0,
0.0,
1.0
]
}
}
]
},
{
"I": 46,
"DU": 1,
"E": [
{
"SI": {
"SN": "_PARTS/Scenes/TitleScreen/Tween 2",
"IN": "",
"ST": "G",
"FF": 0,
"LP": "LP",
"TRP": {
"x": 0.0,
"y": 0.05
},
"M3D": [
0.968017578125,
0.2508392333984375,
0.0,
0.0,
-0.2508392333984375,
0.968017578125,
0.0,
0.0,
0.0,
0.0,
1.0,
0.0,
641.0,
641.0,
0.0,
1.0
]
}
}
]
},
{
"I": 47,
"DU": 1,
"E": [
{
"SI": {
"SN": "_PARTS/Scenes/TitleScreen/Tween 2",
"IN": "",
"ST": "G",
"FF": 0,
"LP": "LP",
"TRP": {
"x": 0.0,
"y": 0.05
},
"M3D": [
0.96661376953125,
0.2562103271484375,
0.0,
0.0,
-0.2562103271484375,
0.96661376953125,
0.0,
0.0,
0.0,
0.0,
1.0,
0.0,
641.0,
641.0,
0.0,
1.0
]
}
}
]
},
{
"I": 48,
"DU": 1,
"E": [
{
"SI": {
"SN": "_PARTS/Scenes/TitleScreen/Tween 2",
"IN": "",
"ST": "G",
"FF": 0,
"LP": "LP",
"TRP": {
"x": 0.0,
"y": 0.0
},
"M3D": [
0.9652252197265625,
0.2613983154296875,
0.0,
0.0,
-0.2613983154296875,
0.9652252197265625,
0.0,
0.0,
0.0,
0.0,
1.0,
0.0,
641.0,
641.0,
0.0,
1.0
]
}
}
]
},
{
"I": 49,
"DU": 1,
"E": [
{
"SI": {
"SN": "_PARTS/Scenes/TitleScreen/Tween 2",
"IN": "",
"ST": "G",
"FF": 0,
"LP": "LP",
"TRP": {
"x": 0.0,
"y": 0.0
},
"M3D": [
0.9637603759765625,
0.266754150390625,
0.0,
0.0,
-0.266754150390625,
0.9637603759765625,
0.0,
0.0,
0.0,
0.0,
1.0,
0.0,
641.0,
641.0,
0.0,
1.0
]
}
}
]
},
{
"I": 50,
"DU": 1,
"E": [
{
"SI": {
"SN": "_PARTS/Scenes/TitleScreen/Tween 2",
"IN": "",
"ST": "G",
"FF": 0,
"LP": "LP",
"TRP": {
"x": 0.05,
"y": 0.0
},
"M3D": [
0.962249755859375,
0.2721099853515625,
0.0,
0.0,
-0.2721099853515625,
0.962249755859375,
0.0,
0.0,
0.0,
0.0,
1.0,
0.0,
641.0,
641.0,
0.0,
1.0
]
}
}
]
},
{
"I": 51,
"DU": 1,
"E": [
{
"SI": {
"SN": "_PARTS/Scenes/TitleScreen/Tween 2",
"IN": "",
"ST": "G",
"FF": 0,
"LP": "LP",
"TRP": {
"x": 0.0,
"y": 0.0
},
"M3D": [
0.960723876953125,
0.2774505615234375,
0.0,
0.0,
-0.2774505615234375,
0.960723876953125,
0.0,
0.0,
0.0,
0.0,
1.0,
0.0,
641.0,
641.0,
0.0,
1.0
]
}
}
]
},
{
"I": 52,
"DU": 1,
"E": [
{
"SI": {
"SN": "_PARTS/Scenes/TitleScreen/Tween 2",
"IN": "",
"ST": "G",
"FF": 0,
"LP": "LP",
"TRP": {
"x": 0.0,
"y": 0.0
},
"M3D": [
0.959228515625,
0.2826080322265625,
0.0,
0.0,
-0.2826080322265625,
0.959228515625,
0.0,
0.0,
0.0,
0.0,
1.0,
0.0,
641.0,
641.0,
0.0,
1.0
]
}
}
]
},
{
"I": 53,
"DU": 1,
"E": [
{
"SI": {
"SN": "_PARTS/Scenes/TitleScreen/Tween 2",
"IN": "",
"ST": "G",
"FF": 0,
"LP": "LP",
"TRP": {
"x": 0.05,
"y": 0.0
},
"M3D": [
0.9576416015625,
0.287933349609375,
0.0,
0.0,
-0.287933349609375,
0.9576416015625,
0.0,
0.0,
0.0,
0.0,
1.0,
0.0,
641.0,
641.0,
0.0,
1.0
]
}
}
]
},
{
"I": 54,
"DU": 1,
"E": [
{
"SI": {
"SN": "_PARTS/Scenes/TitleScreen/Tween 2",
"IN": "",
"ST": "G",
"FF": 0,
"LP": "LP",
"TRP": {
"x": 0.05,
"y": 0.0
},
"M3D": [
0.956024169921875,
0.293243408203125,
0.0,
0.0,
-0.293243408203125,
0.956024169921875,
0.0,
0.0,
0.0,
0.0,
1.0,
0.0,
641.0,
641.0,
0.0,
1.0
]
}
}
]
},
{
"I": 55,
"DU": 1,
"E": [
{
"SI": {
"SN": "_PARTS/Scenes/TitleScreen/Tween 2",
"IN": "",
"ST": "G",
"FF": 0,
"LP": "LP",
"TRP": {
"x": 0.05,
"y": 0.0
},
"M3D": [
0.954376220703125,
0.298553466796875,
0.0,
0.0,
-0.298553466796875,
0.954376220703125,
0.0,
0.0,
0.0,
0.0,
1.0,
0.0,
641.0,
641.0,
0.0,
1.0
]
}
}
]
},
{
"I": 56,
"DU": 1,
"E": [
{
"SI": {
"SN": "_PARTS/Scenes/TitleScreen/Tween 2",
"IN": "",
"ST": "G",
"FF": 0,
"LP": "LP",
"TRP": {
"x": 0.0,
"y": 0.0
},
"M3D": [
0.9527587890625,
0.303680419921875,
0.0,
0.0,
-0.303680419921875,
0.9527587890625,
0.0,
0.0,
0.0,
0.0,
1.0,
0.0,
641.0,
641.0,
0.0,
1.0
]
}
}
]
},
{
"I": 57,
"DU": 1,
"E": [
{
"SI": {
"SN": "_PARTS/Scenes/TitleScreen/Tween 2",
"IN": "",
"ST": "G",
"FF": 0,
"LP": "LP",
"TRP": {
"x": 0.05,
"y": 0.05
},
"M3D": [
0.9510650634765625,
0.3089599609375,
0.0,
0.0,
-0.3089599609375,
0.9510650634765625,
0.0,
0.0,
0.0,
0.0,
1.0,
0.0,
641.0,
641.0,
0.0,
1.0
]
}
}
]
},
{
"I": 58,
"DU": 1,
"E": [
{
"SI": {
"SN": "_PARTS/Scenes/TitleScreen/Tween 2",
"IN": "",
"ST": "G",
"FF": 0,
"LP": "LP",
"TRP": {
"x": 0.0,
"y": 0.05
},
"M3D": [
0.9493255615234375,
0.314239501953125,
0.0,
0.0,
-0.314239501953125,
0.9493255615234375,
0.0,
0.0,
0.0,
0.0,
1.0,
0.0,
641.0,
641.0,
0.0,
1.0
]
}
}
]
},
{
"I": 59,
"DU": 1,
"E": [
{
"SI": {
"SN": "_PARTS/Scenes/TitleScreen/Tween 2",
"IN": "",
"ST": "G",
"FF": 0,
"LP": "LP",
"TRP": {
"x": 0.05,
"y": 0.0
},
"M3D": [
0.94757080078125,
0.31951904296875,
0.0,
0.0,
-0.31951904296875,
0.94757080078125,
0.0,
0.0,
0.0,
0.0,
1.0,
0.0,
641.0,
641.0,
0.0,
1.0
]
}
}
]
},
{
"I": 60,
"DU": 1,
"E": [
{
"SI": {
"SN": "_PARTS/Scenes/TitleScreen/Tween 2",
"IN": "",
"ST": "G",
"FF": 0,
"LP": "LP",
"TRP": {
"x": 0.05,
"y": 0.0
},
"M3D": [
0.9458465576171875,
0.3246002197265625,
0.0,
0.0,
-0.3246002197265625,
0.9458465576171875,
0.0,
0.0,
0.0,
0.0,
1.0,
0.0,
641.0,
641.0,
0.0,
1.0
]
}
}
]
},
{
"I": 61,
"DU": 1,
"E": [
{
"SI": {
"SN": "_PARTS/Scenes/TitleScreen/Tween 2",
"IN": "",
"ST": "G",
"FF": 0,
"LP": "LP",
"TRP": {
"x": 0.0,
"y": 0.0
},
"M3D": [
0.94403076171875,
0.3298492431640625,
0.0,
0.0,
-0.3298492431640625,
0.94403076171875,
0.0,
0.0,
0.0,
0.0,
1.0,
0.0,
641.0,
641.0,
0.0,
1.0
]
}
}
]
},
{
"I": 62,
"DU": 1,
"E": [
{
"SI": {
"SN": "_PARTS/Scenes/TitleScreen/Tween 2",
"IN": "",
"ST": "G",
"FF": 0,
"LP": "LP",
"TRP": {
"x": 0.05,
"y": 0.05
},
"M3D": [
0.942169189453125,
0.3350830078125,
0.0,
0.0,
-0.3350830078125,
0.942169189453125,
0.0,
0.0,
0.0,
0.0,
1.0,
0.0,
641.0,
641.0,
0.0,
1.0
]
}
}
]
},
{
"I": 63,
"DU": 1,
"E": [
{
"SI": {
"SN": "_PARTS/Scenes/TitleScreen/Tween 2",
"IN": "",
"ST": "G",
"FF": 0,
"LP": "LP",
"TRP": {
"x": 0.05,
"y": 0.05
},
"M3D": [
0.9402923583984375,
0.3403167724609375,
0.0,
0.0,
-0.3403167724609375,
0.9402923583984375,
0.0,
0.0,
0.0,
0.0,
1.0,
0.0,
641.0,
641.0,
0.0,
1.0
]
}
}
]
},
{
"I": 64,
"DU": 1,
"E": [
{
"SI": {
"SN": "_PARTS/Scenes/TitleScreen/Tween 2",
"IN": "",
"ST": "G",
"FF": 0,
"LP": "LP",
"TRP": {
"x": 0.0,
"y": 0.05
},
"M3D": [
0.9384613037109375,
0.345367431640625,
0.0,
0.0,
-0.345367431640625,
0.9384613037109375,
0.0,
0.0,
0.0,
0.0,
1.0,
0.0,
641.0,
641.0,
0.0,
1.0
]
}
}
]
},
{
"I": 65,
"DU": 1,
"E": [
{
"SI": {
"SN": "_PARTS/Scenes/TitleScreen/Tween 2",
"IN": "",
"ST": "G",
"FF": 0,
"LP": "LP",
"TRP": {
"x": 0.05,
"y": 0.0
},
"M3D": [
0.9365234375,
0.3505706787109375,
0.0,
0.0,
-0.3505706787109375,
0.9365234375,
0.0,
0.0,
0.0,
0.0,
1.0,
0.0,
641.0,
641.0,
0.0,
1.0
]
}
}
]
},
{
"I": 66,
"DU": 1,
"E": [
{
"SI": {
"SN": "_PARTS/Scenes/TitleScreen/Tween 2",
"IN": "",
"ST": "G",
"FF": 0,
"LP": "LP",
"TRP": {
"x": 0.05,
"y": 0.0
},
"M3D": [
0.9345550537109375,
0.35577392578125,
0.0,
0.0,
-0.35577392578125,
0.9345550537109375,
0.0,
0.0,
0.0,
0.0,
1.0,
0.0,
641.0,
641.0,
0.0,
1.0
]
}
}
]
},
{
"I": 67,
"DU": 1,
"E": [
{
"SI": {
"SN": "_PARTS/Scenes/TitleScreen/Tween 2",
"IN": "",
"ST": "G",
"FF": 0,
"LP": "LP",
"TRP": {
"x": 0.0,
"y": 0.05
},
"M3D": [
0.9325714111328125,
0.3609619140625,
0.0,
0.0,
-0.3609619140625,
0.9325714111328125,
0.0,
0.0,
0.0,
0.0,
1.0,
0.0,
641.0,
641.0,
0.0,
1.0
]
}
}
]
},
{
"I": 68,
"DU": 1,
"E": [
{
"SI": {
"SN": "_PARTS/Scenes/TitleScreen/Tween 2",
"IN": "",
"ST": "G",
"FF": 0,
"LP": "LP",
"TRP": {
"x": 0.05,
"y": 0.05
},
"M3D": [
0.9306182861328125,
0.365966796875,
0.0,
0.0,
-0.365966796875,
0.9306182861328125,
0.0,
0.0,
0.0,
0.0,
1.0,
0.0,
641.0,
641.0,
0.0,
1.0
]
}
}
]
},
{
"I": 69,
"DU": 1,
"E": [
{
"SI": {
"SN": "_PARTS/Scenes/TitleScreen/Tween 2",
"IN": "",
"ST": "G",
"FF": 0,
"LP": "LP",
"TRP": {
"x": 0.0,
"y": 0.0
},
"M3D": [
0.9285736083984375,
0.371124267578125,
0.0,
0.0,
-0.371124267578125,
0.9285736083984375,
0.0,
0.0,
0.0,
0.0,
1.0,
0.0,
641.0,
641.0,
0.0,
1.0
]
}
}
]
},
{
"I": 70,
"DU": 1,
"E": [
{
"SI": {
"SN": "_PARTS/Scenes/TitleScreen/Tween 2",
"IN": "",
"ST": "G",
"FF": 0,
"LP": "LP",
"TRP": {
"x": 0.05,
"y": 0.05
},
"M3D": [
0.9264984130859375,
0.37628173828125,
0.0,
0.0,
-0.37628173828125,
0.9264984130859375,
0.0,
0.0,
0.0,
0.0,
1.0,
0.0,
641.0,
641.0,
0.0,
1.0
]
}
}
]
},
{
"I": 71,
"DU": 1,
"E": [
{
"SI": {
"SN": "_PARTS/Scenes/TitleScreen/Tween 2",
"IN": "",
"ST": "G",
"FF": 0,
"LP": "LP",
"TRP": {
"x": 0.05,
"y": 0.05
},
"M3D": [
0.9243927001953125,
0.3814239501953125,
0.0,
0.0,
-0.3814239501953125,
0.9243927001953125,
0.0,
0.0,
0.0,
0.0,
1.0,
0.0,
641.0,
641.0,
0.0,
1.0
]
}
}
]
},
{
"I": 72,
"DU": 1,
"E": [
{
"SI": {
"SN": "_PARTS/Scenes/TitleScreen/Tween 2",
"IN": "",
"ST": "G",
"FF": 0,
"LP": "LP",
"TRP": {
"x": 0.05,
"y": 0.0
},
"M3D": [
0.922332763671875,
0.386383056640625,
0.0,
0.0,
-0.386383056640625,
0.922332763671875,
0.0,
0.0,
0.0,
0.0,
1.0,
0.0,
641.0,
641.0,
0.0,
1.0
]
}
}
]
},
{
"I": 73,
"DU": 1,
"E": [
{
"SI": {
"SN": "_PARTS/Scenes/TitleScreen/Tween 2",
"IN": "",
"ST": "G",
"FF": 0,
"LP": "LP",
"TRP": {
"x": 0.05,
"y": 0.05
},
"M3D": [
0.920166015625,
0.3914947509765625,
0.0,
0.0,
-0.3914947509765625,
0.920166015625,
0.0,
0.0,
0.0,
0.0,
1.0,
0.0,
641.0,
641.0,
0.0,
1.0
]
}
}
]
},
{
"I": 74,
"DU": 1,
"E": [
{
"SI": {
"SN": "_PARTS/Scenes/TitleScreen/Tween 2",
"IN": "",
"ST": "G",
"FF": 0,
"LP": "LP",
"TRP": {
"x": 0.05,
"y": 0.0
},
"M3D": [
0.9179840087890625,
0.3966064453125,
0.0,
0.0,
-0.3966064453125,
0.9179840087890625,
0.0,
0.0,
0.0,
0.0,
1.0,
0.0,
641.0,
641.0,
0.0,
1.0
]
}
}
]
},
{
"I": 75,
"DU": 1,
"E": [
{
"SI": {
"SN": "_PARTS/Scenes/TitleScreen/Tween 2",
"IN": "",
"ST": "G",
"FF": 0,
"LP": "LP",
"TRP": {
"x": 0.0,
"y": 0.05
},
"M3D": [
0.9157562255859375,
0.401702880859375,
0.0,
0.0,
-0.401702880859375,
0.9157562255859375,
0.0,
0.0,
0.0,
0.0,
1.0,
0.0,
641.0,
641.0,
0.0,
1.0
]
}
}
]
},
{
"I": 76,
"DU": 1,
"E": [
{
"SI": {
"SN": "_PARTS/Scenes/TitleScreen/Tween 2",
"IN": "",
"ST": "G",
"FF": 0,
"LP": "LP",
"TRP": {
"x": 0.0,
"y": 0.0
},
"M3D": [
0.9135894775390625,
0.4066162109375,
0.0,
0.0,
-0.4066162109375,
0.9135894775390625,
0.0,
0.0,
0.0,
0.0,
1.0,
0.0,
641.0,
641.0,
0.0,
1.0
]
}
}
]
},
{
"I": 77,
"DU": 1,
"E": [
{
"SI": {
"SN": "_PARTS/Scenes/TitleScreen/Tween 2",
"IN": "",
"ST": "G",
"FF": 0,
"LP": "LP",
"TRP": {
"x": 0.0,
"y": 0.05
},
"M3D": [
0.91131591796875,
0.41168212890625,
0.0,
0.0,
-0.41168212890625,
0.91131591796875,
0.0,
0.0,
0.0,
0.0,
1.0,
0.0,
641.0,
641.0,
0.0,
1.0
]
}
}
]
},
{
"I": 78,
"DU": 1,
"E": [
{
"SI": {
"SN": "_PARTS/Scenes/TitleScreen/Tween 2",
"IN": "",
"ST": "G",
"FF": 0,
"LP": "LP",
"TRP": {
"x": 0.05,
"y": 0.0
},
"M3D": [
0.9090118408203125,
0.416748046875,
0.0,
0.0,
-0.416748046875,
0.9090118408203125,
0.0,
0.0,
0.0,
0.0,
1.0,
0.0,
641.0,
641.0,
0.0,
1.0
]
}
}
]
},
{
"I": 79,
"DU": 1,
"E": [
{
"SI": {
"SN": "_PARTS/Scenes/TitleScreen/Tween 2",
"IN": "",
"ST": "G",
"FF": 0,
"LP": "LP",
"TRP": {
"x": 0.05,
"y": 0.0
},
"M3D": [
0.90667724609375,
0.421783447265625,
0.0,
0.0,
-0.421783447265625,
0.90667724609375,
0.0,
0.0,
0.0,
0.0,
1.0,
0.0,
641.0,
641.0,
0.0,
1.0
]
}
}
]
},
{
"I": 80,
"DU": 1,
"E": [
{
"SI": {
"SN": "_PARTS/Scenes/TitleScreen/Tween 2",
"IN": "",
"ST": "G",
"FF": 0,
"LP": "LP",
"TRP": {
"x": 0.0,
"y": 0.0
},
"M3D": [
0.904327392578125,
0.42681884765625,
0.0,
0.0,
-0.42681884765625,
0.904327392578125,
0.0,
0.0,
0.0,
0.0,
1.0,
0.0,
641.0,
641.0,
0.0,
1.0
]
}
}
]
},
{
"I": 81,
"DU": 1,
"E": [
{
"SI": {
"SN": "_PARTS/Scenes/TitleScreen/Tween 2",
"IN": "",
"ST": "G",
"FF": 0,
"LP": "LP",
"TRP": {
"x": 0.05,
"y": 0.0
},
"M3D": [
0.9020233154296875,
0.431671142578125,
0.0,
0.0,
-0.431671142578125,
0.9020233154296875,
0.0,
0.0,
0.0,
0.0,
1.0,
0.0,
641.0,
641.0,
0.0,
1.0
]
}
}
]
},
{
"I": 82,
"DU": 1,
"E": [
{
"SI": {
"SN": "_PARTS/Scenes/TitleScreen/Tween 2",
"IN": "",
"ST": "G",
"FF": 0,
"LP": "LP",
"TRP": {
"x": 0.05,
"y": 0.0
},
"M3D": [
0.8996124267578125,
0.436676025390625,
0.0,
0.0,
-0.436676025390625,
0.8996124267578125,
0.0,
0.0,
0.0,
0.0,
1.0,
0.0,
641.0,
641.0,
0.0,
1.0
]
}
}
]
},
{
"I": 83,
"DU": 1,
"E": [
{
"SI": {
"SN": "_PARTS/Scenes/TitleScreen/Tween 2",
"IN": "",
"ST": "G",
"FF": 0,
"LP": "LP",
"TRP": {
"x": 0.05,
"y": 0.0
},
"M3D": [
0.8971710205078125,
0.4416656494140625,
0.0,
0.0,
-0.4416656494140625,
0.8971710205078125,
0.0,
0.0,
0.0,
0.0,
1.0,
0.0,
641.0,
641.0,
0.0,
1.0
]
}
}
]
},
{
"I": 84,
"DU": 1,
"E": [
{
"SI": {
"SN": "_PARTS/Scenes/TitleScreen/Tween 2",
"IN": "",
"ST": "G",
"FF": 0,
"LP": "LP",
"TRP": {
"x": 0.0,
"y": 0.05
},
"M3D": [
0.8946990966796875,
0.4466400146484375,
0.0,
0.0,
-0.4466400146484375,
0.8946990966796875,
0.0,
0.0,
0.0,
0.0,
1.0,
0.0,
641.0,
641.0,
0.0,
1.0
]
}
}
]
},
{
"I": 85,
"DU": 1,
"E": [
{
"SI": {
"SN": "_PARTS/Scenes/TitleScreen/Tween 2",
"IN": "",
"ST": "G",
"FF": 0,
"LP": "LP",
"TRP": {
"x": 0.0,
"y": 0.05
},
"M3D": [
0.8922882080078125,
0.451446533203125,
0.0,
0.0,
-0.451446533203125,
0.8922882080078125,
0.0,
0.0,
0.0,
0.0,
1.0,
0.0,
641.0,
641.0,
0.0,
1.0
]
}
}
]
},
{
"I": 86,
"DU": 1,
"E": [
{
"SI": {
"SN": "_PARTS/Scenes/TitleScreen/Tween 2",
"IN": "",
"ST": "G",
"FF": 0,
"LP": "LP",
"TRP": {
"x": 0.05,
"y": 0.0
},
"M3D": [
0.8897705078125,
0.456390380859375,
0.0,
0.0,
-0.456390380859375,
0.8897705078125,
0.0,
0.0,
0.0,
0.0,
1.0,
0.0,
641.0,
641.0,
0.0,
1.0
]
}
}
]
},
{
"I": 87,
"DU": 1,
"E": [
{
"SI": {
"SN": "_PARTS/Scenes/TitleScreen/Tween 2",
"IN": "",
"ST": "G",
"FF": 0,
"LP": "LP",
"TRP": {
"x": 0.05,
"y": 0.0
},
"M3D": [
0.8872222900390625,
0.461334228515625,
0.0,
0.0,
-0.461334228515625,
0.8872222900390625,
0.0,
0.0,
0.0,
0.0,
1.0,
0.0,
641.0,
641.0,
0.0,
1.0
]
}
}
]
},
{
"I": 88,
"DU": 1,
"E": [
{
"SI": {
"SN": "_PARTS/Scenes/TitleScreen/Tween 2",
"IN": "",
"ST": "G",
"FF": 0,
"LP": "LP",
"TRP": {
"x": 0.05,
"y": 0.0
},
"M3D": [
0.8846435546875,
0.46624755859375,
0.0,
0.0,
-0.46624755859375,
0.8846435546875,
0.0,
0.0,
0.0,
0.0,
1.0,
0.0,
641.0,
641.0,
0.0,
1.0
]
}
}
]
},
{
"I": 89,
"DU": 1,
"E": [
{
"SI": {
"SN": "_PARTS/Scenes/TitleScreen/Tween 2",
"IN": "",
"ST": "G",
"FF": 0,
"LP": "LP",
"TRP": {
"x": 0.05,
"y": 0.0
},
"M3D": [
0.8821258544921875,
0.4709930419921875,
0.0,
0.0,
-0.4709930419921875,
0.8821258544921875,
0.0,
0.0,
0.0,
0.0,
1.0,
0.0,
641.0,
641.0,
0.0,
1.0
]
}
}
]
},
{
"I": 90,
"DU": 1,
"E": [
{
"SI": {
"SN": "_PARTS/Scenes/TitleScreen/Tween 2",
"IN": "",
"ST": "G",
"FF": 0,
"LP": "LP",
"TRP": {
"x": 0.0,
"y": 0.05
},
"M3D": [
0.879486083984375,
0.47589111328125,
0.0,
0.0,
-0.47589111328125,
0.879486083984375,
0.0,
0.0,
0.0,
0.0,
1.0,
0.0,
641.0,
641.0,
0.0,
1.0
]
}
}
]
},
{
"I": 91,
"DU": 1,
"E": [
{
"SI": {
"SN": "_PARTS/Scenes/TitleScreen/Tween 2",
"IN": "",
"ST": "G",
"FF": 0,
"LP": "LP",
"TRP": {
"x": 0.0,
"y": 0.05
},
"M3D": [
0.8768310546875,
0.48077392578125,
0.0,
0.0,
-0.48077392578125,
0.8768310546875,
0.0,
0.0,
0.0,
0.0,
1.0,
0.0,
641.0,
641.0,
0.0,
1.0
]
}
}
]
},
{
"I": 92,
"DU": 1,
"E": [
{
"SI": {
"SN": "_PARTS/Scenes/TitleScreen/Tween 2",
"IN": "",
"ST": "G",
"FF": 0,
"LP": "LP",
"TRP": {
"x": 0.05,
"y": 0.0
},
"M3D": [
0.8741455078125,
0.4856414794921875,
0.0,
0.0,
-0.4856414794921875,
0.8741455078125,
0.0,
0.0,
0.0,
0.0,
1.0,
0.0,
641.0,
641.0,
0.0,
1.0
]
}
}
]
},
{
"I": 93,
"DU": 1,
"E": [
{
"SI": {
"SN": "_PARTS/Scenes/TitleScreen/Tween 2",
"IN": "",
"ST": "G",
"FF": 0,
"LP": "LP",
"TRP": {
"x": 0.0,
"y": 0.0
},
"M3D": [
0.8715362548828125,
0.490325927734375,
0.0,
0.0,
-0.490325927734375,
0.8715362548828125,
0.0,
0.0,
0.0,
0.0,
1.0,
0.0,
641.0,
641.0,
0.0,
1.0
]
}
}
]
},
{
"I": 94,
"DU": 1,
"E": [
{
"SI": {
"SN": "_PARTS/Scenes/TitleScreen/Tween 2",
"IN": "",
"ST": "G",
"FF": 0,
"LP": "LP",
"TRP": {
"x": 0.05,
"y": 0.0
},
"M3D": [
0.8687896728515625,
0.4951629638671875,
0.0,
0.0,
-0.4951629638671875,
0.8687896728515625,
0.0,
0.0,
0.0,
0.0,
1.0,
0.0,
641.0,
641.0,
0.0,
1.0
]
}
}
]
},
{
"I": 95,
"DU": 1,
"E": [
{
"SI": {
"SN": "_PARTS/Scenes/TitleScreen/Tween 2",
"IN": "",
"ST": "G",
"FF": 0,
"LP": "LP",
"TRP": {
"x": 0.0,
"y": 0.0
},
"M3D": [
0.86602783203125,
0.4999847412109375,
0.0,
0.0,
-0.4999847412109375,
0.86602783203125,
0.0,
0.0,
0.0,
0.0,
1.0,
0.0,
641.0,
641.0,
0.0,
1.0
]
}
}
]
},
{
"I": 96,
"DU": 1,
"E": [
{
"SI": {
"SN": "_PARTS/Scenes/TitleScreen/Tween 2",
"IN": "",
"ST": "G",
"FF": 0,
"LP": "LP",
"TRP": {
"x": 0.05,
"y": -0.05
},
"M3D": [
0.8632354736328125,
0.504791259765625,
0.0,
0.0,
-0.504791259765625,
0.8632354736328125,
0.0,
0.0,
0.0,
0.0,
1.0,
0.0,
641.0,
641.0,
0.0,
1.0
]
}
}
]
},
{
"I": 97,
"DU": 1,
"E": [
{
"SI": {
"SN": "_PARTS/Scenes/TitleScreen/Tween 2",
"IN": "",
"ST": "G",
"FF": 0,
"LP": "LP",
"TRP": {
"x": 0.05,
"y": 0.05
},
"M3D": [
0.8605194091796875,
0.5094146728515625,
0.0,
0.0,
-0.5094146728515625,
0.8605194091796875,
0.0,
0.0,
0.0,
0.0,
1.0,
0.0,
641.0,
641.0,
0.0,
1.0
]
}
}
]
},
{
"I": 98,
"DU": 1,
"E": [
{
"SI": {
"SN": "_PARTS/Scenes/TitleScreen/Tween 2",
"IN": "",
"ST": "G",
"FF": 0,
"LP": "LP",
"TRP": {
"x": 0.0,
"y": 0.0
},
"M3D": [
0.857666015625,
0.514190673828125,
0.0,
0.0,
-0.514190673828125,
0.857666015625,
0.0,
0.0,
0.0,
0.0,
1.0,
0.0,
641.0,
641.0,
0.0,
1.0
]
}
}
]
},
{
"I": 99,
"DU": 1,
"E": [
{
"SI": {
"SN": "_PARTS/Scenes/TitleScreen/Tween 2",
"IN": "",
"ST": "G",
"FF": 0,
"LP": "LP",
"TRP": {
"x": 0.05,
"y": 0.0
},
"M3D": [
0.85479736328125,
0.5189361572265625,
0.0,
0.0,
-0.5189361572265625,
0.85479736328125,
0.0,
0.0,
0.0,
0.0,
1.0,
0.0,
641.0,
641.0,
0.0,
1.0
]
}
}
]
},
{
"I": 100,
"DU": 1,
"E": [
{
"SI": {
"SN": "_PARTS/Scenes/TitleScreen/Tween 2",
"IN": "",
"ST": "G",
"FF": 0,
"LP": "LP",
"TRP": {
"x": 0.05,
"y": 0.05
},
"M3D": [
0.851898193359375,
0.523681640625,
0.0,
0.0,
-0.523681640625,
0.851898193359375,
0.0,
0.0,
0.0,
0.0,
1.0,
0.0,
641.0,
641.0,
0.0,
1.0
]
}
}
]
},
{
"I": 101,
"DU": 1,
"E": [
{
"SI": {
"SN": "_PARTS/Scenes/TitleScreen/Tween 2",
"IN": "",
"ST": "G",
"FF": 0,
"LP": "LP",
"TRP": {
"x": 0.0,
"y": 0.0
},
"M3D": [
0.8490753173828125,
0.5282440185546875,
0.0,
0.0,
-0.5282440185546875,
0.8490753173828125,
0.0,
0.0,
0.0,
0.0,
1.0,
0.0,
641.0,
641.0,
0.0,
1.0
]
}
}
]
},
{
"I": 102,
"DU": 1,
"E": [
{
"SI": {
"SN": "_PARTS/Scenes/TitleScreen/Tween 2",
"IN": "",
"ST": "G",
"FF": 0,
"LP": "LP",
"TRP": {
"x": 0.05,
"y": 0.05
},
"M3D": [
0.84613037109375,
0.532958984375,
0.0,
0.0,
-0.532958984375,
0.84613037109375,
0.0,
0.0,
0.0,
0.0,
1.0,
0.0,
641.0,
641.0,
0.0,
1.0
]
}
}
]
},
{
"I": 103,
"DU": 1,
"E": [
{
"SI": {
"SN": "_PARTS/Scenes/TitleScreen/Tween 2",
"IN": "",
"ST": "G",
"FF": 0,
"LP": "LP",
"TRP": {
"x": 0.0,
"y": 0.0
},
"M3D": [
0.8431549072265625,
0.53765869140625,
0.0,
0.0,
-0.53765869140625,
0.8431549072265625,
0.0,
0.0,
0.0,
0.0,
1.0,
0.0,
641.0,
641.0,
0.0,
1.0
]
}
}
]
},
{
"I": 104,
"DU": 1,
"E": [
{
"SI": {
"SN": "_PARTS/Scenes/TitleScreen/Tween 2",
"IN": "",
"ST": "G",
"FF": 0,
"LP": "LP",
"TRP": {
"x": 0.05,
"y": 0.05
},
"M3D": [
0.84014892578125,
0.542327880859375,
0.0,
0.0,
-0.542327880859375,
0.84014892578125,
0.0,
0.0,
0.0,
0.0,
1.0,
0.0,
641.0,
641.0,
0.0,
1.0
]
}
}
]
},
{
"I": 105,
"DU": 1,
"E": [
{
"SI": {
"SN": "_PARTS/Scenes/TitleScreen/Tween 2",
"IN": "",
"ST": "G",
"FF": 0,
"LP": "LP",
"TRP": {
"x": 0.05,
"y": -0.05
},
"M3D": [
0.8372344970703125,
0.5468292236328125,
0.0,
0.0,
-0.5468292236328125,
0.8372344970703125,
0.0,
0.0,
0.0,
0.0,
1.0,
0.0,
641.0,
641.0,
0.0,
1.0
]
}
}
]
},
{
"I": 106,
"DU": 1,
"E": [
{
"SI": {
"SN": "_PARTS/Scenes/TitleScreen/Tween 2",
"IN": "",
"ST": "G",
"FF": 0,
"LP": "LP",
"TRP": {
"x": 0.0,
"y": 0.0
},
"M3D": [
0.8341827392578125,
0.551483154296875,
0.0,
0.0,
-0.551483154296875,
0.8341827392578125,
0.0,
0.0,
0.0,
0.0,
1.0,
0.0,
641.0,
641.0,
0.0,
1.0
]
}
}
]
},
{
"I": 107,
"DU": 1,
"E": [
{
"SI": {
"SN": "_PARTS/Scenes/TitleScreen/Tween 2",
"IN": "",
"ST": "G",
"FF": 0,
"LP": "LP",
"TRP": {
"x": 0.05,
"y": 0.0
},
"M3D": [
0.8311004638671875,
0.5561065673828125,
0.0,
0.0,
-0.5561065673828125,
0.8311004638671875,
0.0,
0.0,
0.0,
0.0,
1.0,
0.0,
641.0,
641.0,
0.0,
1.0
]
}
}
]
},
{
"I": 108,
"DU": 1,
"E": [
{
"SI": {
"SN": "_PARTS/Scenes/TitleScreen/Tween 2",
"IN": "",
"ST": "G",
"FF": 0,
"LP": "LP",
"TRP": {
"x": 0.05,
"y": -0.05
},
"M3D": [
0.8280029296875,
0.5607147216796875,
0.0,
0.0,
-0.5607147216796875,
0.8280029296875,
0.0,
0.0,
0.0,
0.0,
1.0,
0.0,
641.0,
641.0,
0.0,
1.0
]
}
}
]
},
{
"I": 109,
"DU": 1,
"E": [
{
"SI": {
"SN": "_PARTS/Scenes/TitleScreen/Tween 2",
"IN": "",
"ST": "G",
"FF": 0,
"LP": "LP",
"TRP": {
"x": 0.05,
"y": -0.05
},
"M3D": [
0.824981689453125,
0.565155029296875,
0.0,
0.0,
-0.565155029296875,
0.824981689453125,
0.0,
0.0,
0.0,
0.0,
1.0,
0.0,
641.0,
641.0,
0.0,
1.0
]
}
}
]
},
{
"I": 110,
"DU": 1,
"E": [
{
"SI": {
"SN": "_PARTS/Scenes/TitleScreen/Tween 2",
"IN": "",
"ST": "G",
"FF": 0,
"LP": "LP",
"TRP": {
"x": 0.05,
"y": 0.0
},
"M3D": [
0.8218231201171875,
0.569732666015625,
0.0,
0.0,
-0.569732666015625,
0.8218231201171875,
0.0,
0.0,
0.0,
0.0,
1.0,
0.0,
641.0,
641.0,
0.0,
1.0
]
}
}
]
},
{
"I": 111,
"DU": 1,
"E": [
{
"SI": {
"SN": "_PARTS/Scenes/TitleScreen/Tween 2",
"IN": "",
"ST": "G",
"FF": 0,
"LP": "LP",
"TRP": {
"x": 0.05,
"y": -0.05
},
"M3D": [
0.8186492919921875,
0.57427978515625,
0.0,
0.0,
-0.57427978515625,
0.8186492919921875,
0.0,
0.0,
0.0,
0.0,
1.0,
0.0,
641.0,
641.0,
0.0,
1.0
]
}
}
]
},
{
"I": 112,
"DU": 1,
"E": [
{
"SI": {
"SN": "_PARTS/Scenes/TitleScreen/Tween 2",
"IN": "",
"ST": "G",
"FF": 0,
"LP": "LP",
"TRP": {
"x": 0.05,
"y": 0.05
},
"M3D": [
0.8154296875,
0.578826904296875,
0.0,
0.0,
-0.578826904296875,
0.8154296875,
0.0,
0.0,
0.0,
0.0,
1.0,
0.0,
641.0,
641.0,
0.0,
1.0
]
}
}
]
},
{
"I": 113,
"DU": 1,
"E": [
{
"SI": {
"SN": "_PARTS/Scenes/TitleScreen/Tween 2",
"IN": "",
"ST": "G",
"FF": 0,
"LP": "LP",
"TRP": {
"x": 0.05,
"y": 0.05
},
"M3D": [
0.81231689453125,
0.58319091796875,
0.0,
0.0,
-0.58319091796875,
0.81231689453125,
0.0,
0.0,
0.0,
0.0,
1.0,
0.0,
641.0,
641.0,
0.0,
1.0
]
}
}
]
},
{
"I": 114,
"DU": 1,
"E": [
{
"SI": {
"SN": "_PARTS/Scenes/TitleScreen/Tween 2",
"IN": "",
"ST": "G",
"FF": 0,
"LP": "LP",
"TRP": {
"x": 0.05,
"y": -0.05
},
"M3D": [
0.8090667724609375,
0.58770751953125,
0.0,
0.0,
-0.58770751953125,
0.8090667724609375,
0.0,
0.0,
0.0,
0.0,
1.0,
0.0,
641.0,
641.0,
0.0,
1.0
]
}
}
]
},
{
"I": 115,
"DU": 1,
"E": [
{
"SI": {
"SN": "_PARTS/Scenes/TitleScreen/Tween 2",
"IN": "",
"ST": "G",
"FF": 0,
"LP": "LP",
"TRP": {
"x": 0.0,
"y": 0.0
},
"M3D": [
0.8057861328125,
0.592193603515625,
0.0,
0.0,
-0.592193603515625,
0.8057861328125,
0.0,
0.0,
0.0,
0.0,
1.0,
0.0,
641.0,
641.0,
0.0,
1.0
]
}
}
]
},
{
"I": 116,
"DU": 1,
"E": [
{
"SI": {
"SN": "_PARTS/Scenes/TitleScreen/Tween 2",
"IN": "",
"ST": "G",
"FF": 0,
"LP": "LP",
"TRP": {
"x": 0.05,
"y": -0.05
},
"M3D": [
0.802490234375,
0.5966644287109375,
0.0,
0.0,
-0.5966644287109375,
0.802490234375,
0.0,
0.0,
0.0,
0.0,
1.0,
0.0,
641.0,
641.0,
0.0,
1.0
]
}
}
]
},
{
"I": 117,
"DU": 1,
"E": [
{
"SI": {
"SN": "_PARTS/Scenes/TitleScreen/Tween 2",
"IN": "",
"ST": "G",
"FF": 0,
"LP": "LP",
"TRP": {
"x": 0.05,
"y": -0.05
},
"M3D": [
0.7991485595703125,
0.601104736328125,
0.0,
0.0,
-0.601104736328125,
0.7991485595703125,
0.0,
0.0,
0.0,
0.0,
1.0,
0.0,
641.0,
641.0,
0.0,
1.0
]
}
}
]
},
{
"I": 118,
"DU": 1,
"E": [
{
"SI": {
"SN": "_PARTS/Scenes/TitleScreen/Tween 2",
"IN": "",
"ST": "G",
"FF": 0,
"LP": "LP",
"TRP": {
"x": 0.05,
"y": 0.0
},
"M3D": [
0.7959136962890625,
0.6053924560546875,
0.0,
0.0,
-0.6053924560546875,
0.7959136962890625,
0.0,
0.0,
0.0,
0.0,
1.0,
0.0,
641.0,
641.0,
0.0,
1.0
]
}
}
]
},
{
"I": 119,
"DU": 1,
"E": [
{
"SI": {
"SN": "_PARTS/Scenes/TitleScreen/Tween 2",
"IN": "",
"ST": "G",
"FF": 0,
"LP": "LP",
"TRP": {
"x": 0.0,
"y": 0.0
},
"M3D": [
0.79254150390625,
0.60980224609375,
0.0,
0.0,
-0.60980224609375,
0.79254150390625,
0.0,
0.0,
0.0,
0.0,
1.0,
0.0,
641.0,
641.0,
0.0,
1.0
]
}
}
]
},
{
"I": 120,
"DU": 1,
"E": [
{
"SI": {
"SN": "_PARTS/Scenes/TitleScreen/Tween 2",
"IN": "",
"ST": "G",
"FF": 0,
"LP": "LP",
"TRP": {
"x": 0.05,
"y": 0.0
},
"M3D": [
0.7891387939453125,
0.61419677734375,
0.0,
0.0,
-0.61419677734375,
0.7891387939453125,
0.0,
0.0,
0.0,
0.0,
1.0,
0.0,
641.0,
641.0,
0.0,
1.0
]
}
}
]
},
{
"I": 121,
"DU": 1,
"E": [
{
"SI": {
"SN": "_PARTS/Scenes/TitleScreen/Tween 2",
"IN": "",
"ST": "G",
"FF": 0,
"LP": "LP",
"TRP": {
"x": 0.05,
"y": -0.05
},
"M3D": [
0.7857208251953125,
0.6185760498046875,
0.0,
0.0,
-0.6185760498046875,
0.7857208251953125,
0.0,
0.0,
0.0,
0.0,
1.0,
0.0,
641.0,
641.0,
0.0,
1.0
]
}
}
]
},
{
"I": 122,
"DU": 1,
"E": [
{
"SI": {
"SN": "_PARTS/Scenes/TitleScreen/Tween 2",
"IN": "",
"ST": "G",
"FF": 0,
"LP": "LP",
"TRP": {
"x": 0.05,
"y": -0.05
},
"M3D": [
0.782379150390625,
0.6227874755859375,
0.0,
0.0,
-0.6227874755859375,
0.782379150390625,
0.0,
0.0,
0.0,
0.0,
1.0,
0.0,
641.0,
641.0,
0.0,
1.0
]
}
}
]
},
{
"I": 123,
"DU": 1,
"E": [
{
"SI": {
"SN": "_PARTS/Scenes/TitleScreen/Tween 2",
"IN": "",
"ST": "G",
"FF": 0,
"LP": "LP",
"TRP": {
"x": 0.05,
"y": 0.05
},
"M3D": [
0.7789154052734375,
0.6271209716796875,
0.0,
0.0,
-0.6271209716796875,
0.7789154052734375,
0.0,
0.0,
0.0,
0.0,
1.0,
0.0,
641.0,
641.0,
0.0,
1.0
]
}
}
]
},
{
"I": 124,
"DU": 1,
"E": [
{
"SI": {
"SN": "_PARTS/Scenes/TitleScreen/Tween 2",
"IN": "",
"ST": "G",
"FF": 0,
"LP": "LP",
"TRP": {
"x": 0.05,
"y": 0.0
},
"M3D": [
0.7754058837890625,
0.631439208984375,
0.0,
0.0,
-0.631439208984375,
0.7754058837890625,
0.0,
0.0,
0.0,
0.0,
1.0,
0.0,
641.0,
641.0,
0.0,
1.0
]
}
}
]
},
{
"I": 125,
"DU": 1,
"E": [
{
"SI": {
"SN": "_PARTS/Scenes/TitleScreen/Tween 2",
"IN": "",
"ST": "G",
"FF": 0,
"LP": "LP",
"TRP": {
"x": 0.05,
"y": 0.0
},
"M3D": [
0.7718963623046875,
0.6357421875,
0.0,
0.0,
-0.6357421875,
0.7718963623046875,
0.0,
0.0,
0.0,
0.0,
1.0,
0.0,
641.0,
641.0,
0.0,
1.0
]
}
}
]
},
{
"I": 126,
"DU": 1,
"E": [
{
"SI": {
"SN": "_PARTS/Scenes/TitleScreen/Tween 2",
"IN": "",
"ST": "G",
"FF": 0,
"LP": "LP",
"TRP": {
"x": 0.05,
"y": 0.0
},
"M3D": [
