{"AN":{"N":"Bamber - Character (NEW)","SN":"enExporteDeAlivo","TL":{"L":[{"LN":"Layer_1","FR":[{"I":0,"DU":1,"E":[{"SI":{"SN":"Animations/Bamber Sing Up","IN":"","ST":"MC","TRP":{"x":675.3000000000001,"y":167.60000000000003},"M3D":[1.0,0.0,0.0,0.0,0.0,1.0,0.0,0.0,0.0,0.0,1.0,0.0,-274.25,347.55,0.0,1.0]}},{"SI":{"SN":"Animations/Bamber Sing Right","IN":"","ST":"MC","TRP":{"x":228.85,"y":140.9},"M3D":[1.0,0.0,0.0,0.0,0.0,1.0,0.0,0.0,0.0,0.0,1.0,0.0,464.4,362.05,0.0,1.0]}},{"SI":{"SN":"Animations/Bamber Sing Left","IN":"","ST":"MC","TRP":{"x":153.85,"y":146.45000000000003},"M3D":[1.0,0.0,0.0,0.0,0.0,1.0,0.0,0.0,0.0,0.0,1.0,0.0,1092.4,392.75,0.0,1.0]}},{"SI":{"SN":"Animations/Bamber Sing Down","IN":"","ST":"MC","TRP":{"x":167.20000000000003,"y":136.3},"M3D":[1.0,0.0,0.0,0.0,0.0,1.0,0.0,0.0,0.0,0.0,1.0,0.0,66.1,348.65,0.0,1.0]}},{"SI":{"SN":"Animations/Bamber Phone Break","IN":"","ST":"MC","TRP":{"x":83.0,"y":160.20000000000003},"M3D":[1.0,0.0,0.0,0.0,0.0,1.0,0.0,0.0,0.0,0.0,1.0,0.0,-630.85,-186.15,0.0,1.0]}},{"SI":{"SN":"Animations/Bamber Miss Up","IN":"","ST":"MC","TRP":{"x":675.3000000000001,"y":167.60000000000003},"M3D":[1.0,0.0,0.0,0.0,0.0,1.0,0.0,0.0,0.0,0.0,1.0,0.0,-274.25,734.9,0.0,1.0]}},{"SI":{"SN":"Animations/Bamber Miss Right","IN":"","ST":"MC","TRP":{"x":228.85,"y":140.9},"M3D":[1.0,0.0,0.0,0.0,0.0,1.0,0.0,0.0,0.0,0.0,1.0,0.0,463.6,753.6,0.0,1.0]}},{"SI":{"SN":"Animations/Bamber Miss Left","IN":"","ST":"MC","TRP":{"x":153.85,"y":146.45000000000003},"M3D":[1.0,0.0,0.0,0.0,0.0,1.0,0.0,0.0,0.0,0.0,1.0,0.0,1117.75,748.85,0.0,1.0]}},{"SI":{"SN":"Animations/Bamber Miss Down","IN":"","ST":"MC","TRP":{"x":167.20000000000003,"y":136.3},"M3D":[1.0,0.0,0.0,0.0,0.0,1.0,0.0,0.0,0.0,0.0,1.0,0.0,65.95,715.5,0.0,1.0]}},{"SI":{"SN":"Animations/Bamber Idle","IN":"","ST":"MC","TRP":{"x":149.70000000000003,"y":168.9},"M3D":[1.0,0.0,0.0,0.0,0.0,1.0,0.0,0.0,0.0,0.0,1.0,0.0,-360.3,-159.3,0.0,1.0]}}]}]}]}},"SD":{"S":[{"SN":"Animations/Bamber Sing Up","TL":{"L":[{"LN":"UpMicHand","FR":[{"I":0,"DU":2,"E":[{"SI":{"SN":"Parts/UpMicHand","IN":"","ST":"MC","TRP":{"x":141.45000000000003,"y":53.25},"M3D":[0.99530029296875,0.0965576171875,0.0,0.0,-0.0965576171875,0.99530029296875,0.0,0.0,0.0,0.0,1.0,0.0,46.7,-293.55,0.0,1.0]}}]},{"I":2,"DU":2,"E":[{"SI":{"SN":"Parts/UpMicHand","IN":"","ST":"MC","TRP":{"x":141.45000000000003,"y":53.25},"M3D":[0.9703369140625,0.241607666015625,0.0,0.0,-0.241607666015625,0.9703369140625,0.0,0.0,0.0,0.0,1.0,0.0,57.95,-299.35,0.0,1.0]}}]},{"I":4,"DU":2,"E":[{"SI":{"SN":"Parts/UpMicHand","IN":"","ST":"MC","TRP":{"x":141.5,"y":53.25},"M3D":[0.99859619140625,0.052276611328125,0.0,0.0,-0.052276611328125,0.99859619140625,0.0,0.0,0.0,0.0,1.0,0.0,50.65,-229.55,0.0,1.0]}}]},{"I":6,"DU":22,"E":[{"SI":{"SN":"Parts/UpMicHand","IN":"","ST":"MC","TRP":{"x":141.5,"y":53.25},"M3D":[0.9980926513671875,-0.0609130859375,0.0,0.0,0.0609130859375,0.9980926513671875,0.0,0.0,0.0,0.0,1.0,0.0,46.7,-205.05,0.0,1.0]}}]}]},{"LN":"Layer_12","FR":[{"I":0,"DU":2,"E":[{"SI":{"SN":"Parts/UpHand","IN":"","ST":"MC","TRP":{"x":53.35,"y":66.55},"M3D":[0.9659271240234375,-0.2587890625,0.0,0.0,0.2587890625,0.9659271240234375,0.0,0.0,0.0,0.0,1.0,0.0,-238.95,-377.9,0.0,1.0]}}]},{"I":2,"DU":2,"E":[{"SI":{"SN":"Parts/UpHand","IN":"","ST":"MC","TRP":{"x":53.35,"y":66.60000000000001},"M3D":[0.9486541748046875,-0.316253662109375,0.0,0.0,0.316253662109375,0.9486541748046875,0.0,0.0,0.0,0.0,1.0,0.0,-241.25,-364.05,0.0,1.0]}}]},{"I":4,"DU":2,"E":[{"SI":{"SN":"Parts/UpHand","IN":"","ST":"MC","TRP":{"x":53.400000000000009,"y":66.60000000000001},"M3D":[0.99407958984375,-0.108154296875,0.0,0.0,0.108154296875,0.99407958984375,0.0,0.0,0.0,0.0,1.0,0.0,-200.1,-272.85,0.0,1.0]}}]},{"I":6,"DU":22,"E":[{"SI":{"SN":"Parts/UpHand","IN":"","ST":"MC","TRP":{"x":53.45,"y":66.65},"M3D":[0.9994964599609375,-0.0304107666015625,0.0,0.0,0.0304107666015625,0.9994964599609375,0.0,0.0,0.0,0.0,1.0,0.0,-175.0,-255.8,0.0,1.0]}}]}]},{"LN":"UpHead","FR":[{"I":0,"DU":1,"E":[{"SI":{"SN":"Parts/UpHead","IN":"","ST":"G","FF":0,"LP":"SF","TRP":{"x":84.80000000000001,"y":158.75},"M3D":[0.984161376953125,-0.17718505859375,0.0,0.0,0.17718505859375,0.984161376953125,0.0,0.0,0.0,0.0,1.0,0.0,-144.05,-326.95,0.0,1.0]}}]},{"I":1,"DU":1,"E":[{"SI":{"SN":"Parts/UpHead","IN":"","ST":"G","FF":0,"LP":"SF","TRP":{"x":84.8,"y":158.75},"M3D":[0.984161376953125,-0.17718505859375,0.0,0.0,0.17718505859375,0.984161376953125,0.0,0.0,0.0,0.0,1.0,0.0,-144.05,-326.95,0.0,1.0]}}]},{"I":2,"DU":1,"E":[{"SI":{"SN":"Parts/UpHead","IN":"","ST":"G","FF":1,"LP":"SF","TRP":{"x":84.9,"y":158.8},"M3D":[0.997283935546875,-0.0733795166015625,0.0,0.0,0.0733795166015625,0.997283935546875,0.0,0.0,0.0,0.0,1.0,0.0,-120.75,-314.65,0.0,1.0]}}]},{"I":3,"DU":1,"E":[{"SI":{"SN":"Parts/UpHead","IN":"","ST":"G","FF":1,"LP":"SF","TRP":{"x":84.9,"y":158.8},"M3D":[0.997283935546875,-0.0733795166015625,0.0,0.0,0.0733795166015625,0.997283935546875,0.0,0.0,0.0,0.0,1.0,0.0,-120.75,-314.65,0.0,1.0]}}]},{"I":4,"DU":1,"E":[{"SI":{"SN":"Parts/UpHead","IN":"","ST":"G","FF":1,"LP":"SF","TRP":{"x":84.9,"y":158.8},"M3D":[0.998809814453125,0.0479736328125,0.0,0.0,-0.0479736328125,0.998809814453125,0.0,0.0,0.0,0.0,1.0,0.0,-98.35,-314.75,0.0,1.0]}}]},{"I":5,"DU":1,"E":[{"SI":{"SN":"Parts/UpHead","IN":"","ST":"G","FF":1,"LP":"SF","TRP":{"x":84.9,"y":158.8},"M3D":[0.998809814453125,0.0479736328125,0.0,0.0,-0.0479736328125,0.998809814453125,0.0,0.0,0.0,0.0,1.0,0.0,-98.35,-314.75,0.0,1.0]}}]},{"I":6,"DU":1,"E":[{"SI":{"SN":"Parts/UpHead","IN":"","ST":"G","FF":1,"LP":"SF","TRP":{"x":84.95,"y":158.8},"M3D":[0.994873046875,0.10052490234375,0.0,0.0,-0.10052490234375,0.994873046875,0.0,0.0,0.0,0.0,1.0,0.0,-87.3,-315.4,0.0,1.0]}}]},{"I":7,"DU":1,"E":[{"SI":{"SN":"Parts/UpHead","IN":"","ST":"G","FF":1,"LP":"SF","TRP":{"x":84.95,"y":158.8},"M3D":[0.994873046875,0.10052490234375,0.0,0.0,-0.10052490234375,0.994873046875,0.0,0.0,0.0,0.0,1.0,0.0,-87.3,-315.4,0.0,1.0]}}]},{"I":8,"DU":1,"E":[{"SI":{"SN":"Parts/UpHead","IN":"","ST":"G","FF":2,"LP":"SF","TRP":{"x":84.95,"y":158.8},"M3D":[0.994873046875,0.10052490234375,0.0,0.0,-0.10052490234375,0.994873046875,0.0,0.0,0.0,0.0,1.0,0.0,-87.3,-315.4,0.0,1.0]}}]},{"I":9,"DU":1,"E":[{"SI":{"SN":"Parts/UpHead","IN":"","ST":"G","FF":2,"LP":"SF","TRP":{"x":84.95,"y":158.8},"M3D":[0.994873046875,0.10052490234375,0.0,0.0,-0.10052490234375,0.994873046875,0.0,0.0,0.0,0.0,1.0,0.0,-87.3,-315.4,0.0,1.0]}}]},{"I":10,"DU":1,"E":[{"SI":{"SN":"Parts/UpHead","IN":"","ST":"G","FF":2,"LP":"SF","TRP":{"x":84.95,"y":158.8},"M3D":[0.994873046875,0.10052490234375,0.0,0.0,-0.10052490234375,0.994873046875,0.0,0.0,0.0,0.0,1.0,0.0,-87.3,-315.4,0.0,1.0]}}]},{"I":11,"DU":1,"E":[{"SI":{"SN":"Parts/UpHead","IN":"","ST":"G","FF":2,"LP":"SF","TRP":{"x":84.95,"y":158.8},"M3D":[0.994873046875,0.10052490234375,0.0,0.0,-0.10052490234375,0.994873046875,0.0,0.0,0.0,0.0,1.0,0.0,-87.3,-315.4,0.0,1.0]}}]},{"I":12,"DU":1,"E":[{"SI":{"SN":"Parts/UpHead","IN":"","ST":"G","FF":2,"LP":"SF","TRP":{"x":84.95,"y":158.8},"M3D":[0.994873046875,0.10052490234375,0.0,0.0,-0.10052490234375,0.994873046875,0.0,0.0,0.0,0.0,1.0,0.0,-87.3,-315.4,0.0,1.0]}}]},{"I":13,"DU":1,"E":[{"SI":{"SN":"Parts/UpHead","IN":"","ST":"G","FF":2,"LP":"SF","TRP":{"x":84.95,"y":158.8},"M3D":[0.994873046875,0.10052490234375,0.0,0.0,-0.10052490234375,0.994873046875,0.0,0.0,0.0,0.0,1.0,0.0,-87.3,-315.4,0.0,1.0]}}]},{"I":14,"DU":1,"E":[{"SI":{"SN":"Parts/UpHead","IN":"","ST":"G","FF":2,"LP":"SF","TRP":{"x":84.95,"y":158.8},"M3D":[0.994873046875,0.10052490234375,0.0,0.0,-0.10052490234375,0.994873046875,0.0,0.0,0.0,0.0,1.0,0.0,-87.3,-315.4,0.0,1.0]}}]},{"I":15,"DU":1,"E":[{"SI":{"SN":"Parts/UpHead","IN":"","ST":"G","FF":2,"LP":"SF","TRP":{"x":84.95,"y":158.8},"M3D":[0.994873046875,0.10052490234375,0.0,0.0,-0.10052490234375,0.994873046875,0.0,0.0,0.0,0.0,1.0,0.0,-87.3,-315.4,0.0,1.0]}}]},{"I":16,"DU":1,"E":[{"SI":{"SN":"Parts/UpHead","IN":"","ST":"G","FF":2,"LP":"SF","TRP":{"x":84.95,"y":158.8},"M3D":[0.994873046875,0.10052490234375,0.0,0.0,-0.10052490234375,0.994873046875,0.0,0.0,0.0,0.0,1.0,0.0,-87.3,-315.4,0.0,1.0]}}]},{"I":17,"DU":1,"E":[{"SI":{"SN":"Parts/UpHead","IN":"","ST":"G","FF":2,"LP":"SF","TRP":{"x":84.95,"y":158.8},"M3D":[0.994873046875,0.10052490234375,0.0,0.0,-0.10052490234375,0.994873046875,0.0,0.0,0.0,0.0,1.0,0.0,-87.3,-315.4,0.0,1.0]}}]},{"I":18,"DU":1,"E":[{"SI":{"SN":"Parts/UpHead","IN":"","ST":"G","FF":2,"LP":"SF","TRP":{"x":84.95,"y":158.8},"M3D":[0.994873046875,0.10052490234375,0.0,0.0,-0.10052490234375,0.994873046875,0.0,0.0,0.0,0.0,1.0,0.0,-87.3,-315.4,0.0,1.0]}}]},{"I":19,"DU":1,"E":[{"SI":{"SN":"Parts/UpHead","IN":"","ST":"G","FF":2,"LP":"SF","TRP":{"x":84.95,"y":158.8},"M3D":[0.994873046875,0.10052490234375,0.0,0.0,-0.10052490234375,0.994873046875,0.0,0.0,0.0,0.0,1.0,0.0,-87.3,-315.4,0.0,1.0]}}]},{"I":20,"DU":1,"E":[{"SI":{"SN":"Parts/UpHead","IN":"","ST":"G","FF":2,"LP":"SF","TRP":{"x":84.95,"y":158.8},"M3D":[0.994873046875,0.10052490234375,0.0,0.0,-0.10052490234375,0.994873046875,0.0,0.0,0.0,0.0,1.0,0.0,-87.3,-315.4,0.0,1.0]}}]},{"I":21,"DU":1,"E":[{"SI":{"SN":"Parts/UpHead","IN":"","ST":"G","FF":2,"LP":"SF","TRP":{"x":84.95,"y":158.8},"M3D":[0.994873046875,0.10052490234375,0.0,0.0,-0.10052490234375,0.994873046875,0.0,0.0,0.0,0.0,1.0,0.0,-87.3,-315.4,0.0,1.0]}}]},{"I":22,"DU":1,"E":[{"SI":{"SN":"Parts/UpHead","IN":"","ST":"G","FF":2,"LP":"SF","TRP":{"x":84.95,"y":158.8},"M3D":[0.994873046875,0.10052490234375,0.0,0.0,-0.10052490234375,0.994873046875,0.0,0.0,0.0,0.0,1.0,0.0,-87.3,-315.4,0.0,1.0]}}]},{"I":23,"DU":1,"E":[{"SI":{"SN":"Parts/UpHead","IN":"","ST":"G","FF":2,"LP":"SF","TRP":{"x":84.95,"y":158.8},"M3D":[0.994873046875,0.10052490234375,0.0,0.0,-0.10052490234375,0.994873046875,0.0,0.0,0.0,0.0,1.0,0.0,-87.3,-315.4,0.0,1.0]}}]},{"I":24,"DU":1,"E":[{"SI":{"SN":"Parts/UpHead","IN":"","ST":"G","FF":2,"LP":"SF","TRP":{"x":84.95,"y":158.8},"M3D":[0.994873046875,0.10052490234375,0.0,0.0,-0.10052490234375,0.994873046875,0.0,0.0,0.0,0.0,1.0,0.0,-87.3,-315.4,0.0,1.0]}}]},{"I":25,"DU":1,"E":[{"SI":{"SN":"Parts/UpHead","IN":"","ST":"G","FF":2,"LP":"SF","TRP":{"x":84.95,"y":158.8},"M3D":[0.994873046875,0.10052490234375,0.0,0.0,-0.10052490234375,0.994873046875,0.0,0.0,0.0,0.0,1.0,0.0,-87.3,-315.4,0.0,1.0]}}]},{"I":26,"DU":1,"E":[{"SI":{"SN":"Parts/UpHead","IN":"","ST":"G","FF":2,"LP":"SF","TRP":{"x":84.95,"y":158.8},"M3D":[0.994873046875,0.10052490234375,0.0,0.0,-0.10052490234375,0.994873046875,0.0,0.0,0.0,0.0,1.0,0.0,-87.3,-315.4,0.0,1.0]}}]},{"I":27,"DU":1,"E":[{"SI":{"SN":"Parts/UpHead","IN":"","ST":"G","FF":2,"LP":"SF","TRP":{"x":84.95,"y":158.8},"M3D":[0.994873046875,0.10052490234375,0.0,0.0,-0.10052490234375,0.994873046875,0.0,0.0,0.0,0.0,1.0,0.0,-87.3,-315.4,0.0,1.0]}}]}]},{"LN":"Layer_9","FR":[{"I":0,"DU":2,"E":[{"SI":{"SN":"Parts/UpBody","IN":"","ST":"MC","TRP":{"x":63.2,"y":185.70000000000003},"M3D":[1.0,0.0,0.0,0.0,0.0736083984375,1.07220458984375,0.0,0.0,0.0,0.0,1.0,0.0,-78.25,-198.65,0.0,1.0]}}]},{"I":2,"DU":2,"E":[{"SI":{"SN":"Parts/UpBody","IN":"","ST":"MC","TRP":{"x":63.300000000000007,"y":185.75},"M3D":[1.0,0.0,0.0,0.0,0.031707763671875,0.92010498046875,0.0,0.0,0.0,0.0,1.0,0.0,-70.45,-170.35,0.0,1.0]}}]},{"I":4,"DU":2,"E":[{"SI":{"SN":"Parts/UpBody","IN":"","ST":"MC","TRP":{"x":63.550000000000007,"y":185.85},"M3D":[1.0,0.0,0.0,0.0,-0.0309600830078125,0.85931396484375,0.0,0.0,0.0,0.0,1.0,0.0,-58.7,-159.1,0.0,1.0]}}]},{"I":6,"DU":22,"E":[{"SI":{"SN":"Parts/UpBody","IN":"","ST":"MC","TRP":{"x":63.550000000000007,"y":185.9},"M3D":[1.0,0.0,0.0,0.0,-0.06524658203125,0.82794189453125,0.0,0.0,0.0,0.0,1.0,0.0,-53.15,-153.3,0.0,1.0]}}]}]}]}},{"SN":"Parts/UpMicHand","TL":{"L":[{"LN":"Layer_3","FR":[{"I":0,"DU":28,"E":[{"ASI":{"N":"0018","M3D":[1.0,0.0,0.0,0.0,0.0,1.0,0.0,0.0,0.0,0.0,1.0,0.0,0.0,11.0,0.0,1.0]}}]}]},{"LN":"Layer_7","FR":[{"I":0,"DU":28,"E":[{"ASI":{"N":"0019","M3D":[1.0,0.0,0.0,0.0,0.0,1.0,0.0,0.0,0.0,0.0,1.0,0.0,6.0,-6.0,0.0,1.0]}}]}]},{"LN":"Layer_6","FR":[{"I":0,"DU":28,"E":[{"ASI":{"N":"0020","M3D":[1.0,0.0,0.0,0.0,0.0,1.0,0.0,0.0,0.0,0.0,1.0,0.0,45.0,23.0,0.0,1.0]}}]}]}]}},{"SN":"Parts/UpHand","TL":{"L":[{"LN":"Layer_2","FR":[{"I":0,"DU":1,"E":[{"ASI":{"N":"0016","M3D":[1.0,0.0,0.0,0.0,0.0,1.0,0.0,0.0,0.0,0.0,1.0,0.0,0.0,0.0,0.0,1.0]}}]}]}]}},{"SN":"Parts/UpHead","TL":{"L":[{"LN":"Layer_9","FR":[{"I":0,"DU":3,"E":[{"ASI":{"N":"0021","M3D":[1.0,0.0,0.0,0.0,0.0,1.0,0.0,0.0,0.0,0.0,1.0,0.0,5.0,4.0,0.0,1.0]}}]}]},{"LN":"Layer_5","FR":[{"I":0,"DU":1,"E":[{"ASI":{"N":"0022","M3D":[1.0,0.0,0.0,0.0,0.0,1.0,0.0,0.0,0.0,0.0,1.0,0.0,51.0,95.0,0.0,1.0]}}]},{"I":1,"DU":1,"E":[{"ASI":{"N":"0023","M3D":[1.0,0.0,0.0,0.0,0.0,1.0,0.0,0.0,0.0,0.0,1.0,0.0,56.0,103.0,0.0,1.0]}}]},{"I":2,"DU":1,"E":[{"ASI":{"N":"0024","M3D":[1.0,0.0,0.0,0.0,0.0,1.0,0.0,0.0,0.0,0.0,1.0,0.0,59.0,128.0,0.0,1.0]}}]}]},{"LN":"MergedLayer_1","FR":[{"I":0,"DU":3,"E":[{"ASI":{"N":"0025","M3D":[1.0,0.0,0.0,0.0,0.0,1.0,0.0,0.0,0.0,0.0,1.0,0.0,47.0,51.0,0.0,1.0]}}]}]},{"LN":"Layer_3","FR":[{"I":0,"DU":3,"E":[{"ASI":{"N":"0026","M3D":[1.0,0.0,0.0,0.0,0.0,1.0,0.0,0.0,0.0,0.0,1.0,0.0,30.0,46.0,0.0,1.0]}}]}]},{"LN":"Layer_4","FR":[{"I":0,"DU":3,"E":[{"ASI":{"N":"0027","M3D":[1.0,0.0,0.0,0.0,0.0,1.0,0.0,0.0,0.0,0.0,1.0,0.0,-13.0,-3.0,0.0,1.0]}}]}]}]}},{"SN":"Parts/UpBody","TL":{"L":[{"LN":"Layer_2","FR":[{"I":0,"DU":1,"E":[{"ASI":{"N":"0017","M3D":[0.9304351806640625,0.0,0.0,0.0,0.0,0.9304351806640625,0.0,0.0,0.0,0.0,1.0,0.0,0.0,0.0,0.0,1.0]}}]}]}]}},{"SN":"Animations/Bamber Sing Right","TL":{"L":[{"LN":"Layer_6","FR":[{"I":0,"DU":2,"E":[{"SI":{"SN":"Parts/Right Hand","IN":"","ST":"MC","TRP":{"x":75.5,"y":14.200000000000001},"M3D":[0.92230224609375,0.38641357421875,0.0,0.0,-0.38641357421875,0.92230224609375,0.0,0.0,0.0,0.0,1.0,0.0,-138.75,-163.55,0.0,1.0]}}]},{"I":2,"DU":2,"E":[{"SI":{"SN":"Parts/Right Hand","IN":"","ST":"MC","TRP":{"x":75.45,"y":14.200000000000001},"M3D":[0.97991943359375,0.19921875,0.0,0.0,-0.19921875,0.97991943359375,0.0,0.0,0.0,0.0,1.0,0.0,-152.3,-149.05,0.0,1.0]}}]},{"I":4,"DU":2,"E":[{"SI":{"SN":"Parts/Right Hand","IN":"","ST":"MC","TRP":{"x":75.45,"y":14.3},"M3D":[0.9985809326171875,0.0526885986328125,0.0,0.0,-0.0526885986328125,0.9985809326171875,0.0,0.0,0.0,0.0,1.0,0.0,-152.15,-132.3,0.0,1.0]}}]},{"I":6,"DU":2,"E":[{"SI":{"SN":"Parts/Right Hand","IN":"","ST":"MC","TRP":{"x":75.45,"y":14.3},"M3D":[0.9985809326171875,0.0526885986328125,0.0,0.0,-0.0526885986328125,0.9985809326171875,0.0,0.0,0.0,0.0,1.0,0.0,-120.35,-135.9,0.0,1.0]}}]},{"I":8,"DU":20,"E":[{"SI":{"SN":"Parts/Right Hand","IN":"","ST":"MC","TRP":{"x":75.5,"y":14.35},"M3D":[0.9847259521484375,0.17388916015625,0.0,0.0,-0.17388916015625,0.9847259521484375,0.0,0.0,0.0,0.0,1.0,0.0,-108.0,-148.5,0.0,1.0]}}]}]},{"LN":"Layer_2","FR":[{"I":0,"DU":1,"E":[{"SI":{"SN":"Parts/RightHead","IN":"","ST":"G","FF":0,"LP":"SF","TRP":{"x":33.9,"y":175.85},"M3D":[0.855743408203125,-0.517333984375,0.0,0.0,0.517333984375,0.855743408203125,0.0,0.0,0.0,0.0,1.0,0.0,-36.4,-259.6,0.0,1.0]}}]},{"I":1,"DU":1,"E":[{"SI":{"SN":"Parts/RightHead","IN":"","ST":"G","FF":0,"LP":"SF","TRP":{"x":33.9,"y":175.85},"M3D":[0.855743408203125,-0.517333984375,0.0,0.0,0.517333984375,0.855743408203125,0.0,0.0,0.0,0.0,1.0,0.0,-36.4,-259.6,0.0,1.0]}}]},{"I":2,"DU":1,"E":[{"SI":{"SN":"Parts/RightHead","IN":"","ST":"G","FF":1,"LP":"SF","TRP":{"x":33.9,"y":176.0},"M3D":[0.9801483154296875,-0.19793701171875,0.0,0.0,0.19793701171875,0.9801483154296875,0.0,0.0,0.0,0.0,1.0,0.0,3.55,-286.95,0.0,1.0]}}]},{"I":3,"DU":1,"E":[{"SI":{"SN":"Parts/RightHead","IN":"","ST":"G","FF":1,"LP":"SF","TRP":{"x":33.9,"y":176.0},"M3D":[0.9801483154296875,-0.19793701171875,0.0,0.0,0.19793701171875,0.9801483154296875,0.0,0.0,0.0,0.0,1.0,0.0,3.55,-286.95,0.0,1.0]}}]},{"I":4,"DU":1,"E":[{"SI":{"SN":"Parts/RightHead","IN":"","ST":"G","FF":1,"LP":"SF","TRP":{"x":33.95,"y":176.05},"M3D":[0.9919891357421875,-0.12579345703125,0.0,0.0,0.12579345703125,0.9919891357421875,0.0,0.0,0.0,0.0,1.0,0.0,5.05,-290.25,0.0,1.0]}}]},{"I":5,"DU":1,"E":[{"SI":{"SN":"Parts/RightHead","IN":"","ST":"G","FF":1,"LP":"SF","TRP":{"x":33.95,"y":176.05},"M3D":[0.9919891357421875,-0.12579345703125,0.0,0.0,0.12579345703125,0.9919891357421875,0.0,0.0,0.0,0.0,1.0,0.0,5.05,-290.25,0.0,1.0]}}]},{"I":6,"DU":1,"E":[{"SI":{"SN":"Parts/RightHead","IN":"","ST":"G","FF":1,"LP":"SF","TRP":{"x":34.0,"y":176.0},"M3D":[0.9774169921875,-0.21087646484375,0.0,0.0,0.21087646484375,0.9774169921875,0.0,0.0,0.0,0.0,1.0,0.0,-23.25,-286.65,0.0,1.0]}}]},{"I":7,"DU":1,"E":[{"SI":{"SN":"Parts/RightHead","IN":"","ST":"G","FF":1,"LP":"SF","TRP":{"x":34.0,"y":176.0},"M3D":[0.9774169921875,-0.21087646484375,0.0,0.0,0.21087646484375,0.9774169921875,0.0,0.0,0.0,0.0,1.0,0.0,-23.25,-286.65,0.0,1.0]}}]},{"I":8,"DU":1,"E":[{"SI":{"SN":"Parts/RightHead","IN":"","ST":"G","FF":2,"LP":"SF","TRP":{"x":33.95,"y":176.05},"M3D":[0.9461669921875,-0.32342529296875,0.0,0.0,0.32342529296875,0.9461669921875,0.0,0.0,0.0,0.0,1.0,0.0,-46.8,-282.15,0.0,1.0]}}]},{"I":9,"DU":1,"E":[{"SI":{"SN":"Parts/RightHead","IN":"","ST":"G","FF":2,"LP":"SF","TRP":{"x":33.95,"y":176.05},"M3D":[0.9461669921875,-0.32342529296875,0.0,0.0,0.32342529296875,0.9461669921875,0.0,0.0,0.0,0.0,1.0,0.0,-46.8,-282.15,0.0,1.0]}}]},{"I":10,"DU":1,"E":[{"SI":{"SN":"Parts/RightHead","IN":"","ST":"G","FF":2,"LP":"SF","TRP":{"x":33.95,"y":176.05},"M3D":[0.9461669921875,-0.32342529296875,0.0,0.0,0.32342529296875,0.9461669921875,0.0,0.0,0.0,0.0,1.0,0.0,-46.8,-282.15,0.0,1.0]}}]},{"I":11,"DU":1,"E":[{"SI":{"SN":"Parts/RightHead","IN":"","ST":"G","FF":2,"LP":"SF","TRP":{"x":33.95,"y":176.05},"M3D":[0.9461669921875,-0.32342529296875,0.0,0.0,0.32342529296875,0.9461669921875,0.0,0.0,0.0,0.0,1.0,0.0,-46.8,-282.15,0.0,1.0]}}]},{"I":12,"DU":1,"E":[{"SI":{"SN":"Parts/RightHead","IN":"","ST":"G","FF":2,"LP":"SF","TRP":{"x":33.95,"y":176.05},"M3D":[0.9461669921875,-0.32342529296875,0.0,0.0,0.32342529296875,0.9461669921875,0.0,0.0,0.0,0.0,1.0,0.0,-46.8,-282.15,0.0,1.0]}}]},{"I":13,"DU":1,"E":[{"SI":{"SN":"Parts/RightHead","IN":"","ST":"G","FF":2,"LP":"SF","TRP":{"x":33.95,"y":176.05},"M3D":[0.9461669921875,-0.32342529296875,0.0,0.0,0.32342529296875,0.9461669921875,0.0,0.0,0.0,0.0,1.0,0.0,-46.8,-282.15,0.0,1.0]}}]},{"I":14,"DU":1,"E":[{"SI":{"SN":"Parts/RightHead","IN":"","ST":"G","FF":2,"LP":"SF","TRP":{"x":33.95,"y":176.05},"M3D":[0.9461669921875,-0.32342529296875,0.0,0.0,0.32342529296875,0.9461669921875,0.0,0.0,0.0,0.0,1.0,0.0,-46.8,-282.15,0.0,1.0]}}]},{"I":15,"DU":1,"E":[{"SI":{"SN":"Parts/RightHead","IN":"","ST":"G","FF":2,"LP":"SF","TRP":{"x":33.95,"y":176.05},"M3D":[0.9461669921875,-0.32342529296875,0.0,0.0,0.32342529296875,0.9461669921875,0.0,0.0,0.0,0.0,1.0,0.0,-46.8,-282.15,0.0,1.0]}}]},{"I":16,"DU":1,"E":[{"SI":{"SN":"Parts/RightHead","IN":"","ST":"G","FF":2,"LP":"SF","TRP":{"x":33.95,"y":176.05},"M3D":[0.9461669921875,-0.32342529296875,0.0,0.0,0.32342529296875,0.9461669921875,0.0,0.0,0.0,0.0,1.0,0.0,-46.8,-282.15,0.0,1.0]}}]},{"I":17,"DU":1,"E":[{"SI":{"SN":"Parts/RightHead","IN":"","ST":"G","FF":2,"LP":"SF","TRP":{"x":33.95,"y":176.05},"M3D":[0.9461669921875,-0.32342529296875,0.0,0.0,0.32342529296875,0.9461669921875,0.0,0.0,0.0,0.0,1.0,0.0,-46.8,-282.15,0.0,1.0]}}]},{"I":18,"DU":1,"E":[{"SI":{"SN":"Parts/RightHead","IN":"","ST":"G","FF":2,"LP":"SF","TRP":{"x":33.95,"y":176.05},"M3D":[0.9461669921875,-0.32342529296875,0.0,0.0,0.32342529296875,0.9461669921875,0.0,0.0,0.0,0.0,1.0,0.0,-46.8,-282.15,0.0,1.0]}}]},{"I":19,"DU":1,"E":[{"SI":{"SN":"Parts/RightHead","IN":"","ST":"G","FF":2,"LP":"SF","TRP":{"x":33.95,"y":176.05},"M3D":[0.9461669921875,-0.32342529296875,0.0,0.0,0.32342529296875,0.9461669921875,0.0,0.0,0.0,0.0,1.0,0.0,-46.8,-282.15,0.0,1.0]}}]},{"I":20,"DU":1,"E":[{"SI":{"SN":"Parts/RightHead","IN":"","ST":"G","FF":2,"LP":"SF","TRP":{"x":33.95,"y":176.05},"M3D":[0.9461669921875,-0.32342529296875,0.0,0.0,0.32342529296875,0.9461669921875,0.0,0.0,0.0,0.0,1.0,0.0,-46.8,-282.15,0.0,1.0]}}]},{"I":21,"DU":1,"E":[{"SI":{"SN":"Parts/RightHead","IN":"","ST":"G","FF":2,"LP":"SF","TRP":{"x":33.95,"y":176.05},"M3D":[0.9461669921875,-0.32342529296875,0.0,0.0,0.32342529296875,0.9461669921875,0.0,0.0,0.0,0.0,1.0,0.0,-46.8,-282.15,0.0,1.0]}}]},{"I":22,"DU":1,"E":[{"SI":{"SN":"Parts/RightHead","IN":"","ST":"G","FF":2,"LP":"SF","TRP":{"x":33.95,"y":176.05},"M3D":[0.9461669921875,-0.32342529296875,0.0,0.0,0.32342529296875,0.9461669921875,0.0,0.0,0.0,0.0,1.0,0.0,-46.8,-282.15,0.0,1.0]}}]},{"I":23,"DU":1,"E":[{"SI":{"SN":"Parts/RightHead","IN":"","ST":"G","FF":2,"LP":"SF","TRP":{"x":33.95,"y":176.05},"M3D":[0.9461669921875,-0.32342529296875,0.0,0.0,0.32342529296875,0.9461669921875,0.0,0.0,0.0,0.0,1.0,0.0,-46.8,-282.15,0.0,1.0]}}]},{"I":24,"DU":1,"E":[{"SI":{"SN":"Parts/RightHead","IN":"","ST":"G","FF":2,"LP":"SF","TRP":{"x":33.95,"y":176.05},"M3D":[0.9461669921875,-0.32342529296875,0.0,0.0,0.32342529296875,0.9461669921875,0.0,0.0,0.0,0.0,1.0,0.0,-46.8,-282.15,0.0,1.0]}}]},{"I":25,"DU":1,"E":[{"SI":{"SN":"Parts/RightHead","IN":"","ST":"G","FF":2,"LP":"SF","TRP":{"x":33.95,"y":176.05},"M3D":[0.9461669921875,-0.32342529296875,0.0,0.0,0.32342529296875,0.9461669921875,0.0,0.0,0.0,0.0,1.0,0.0,-46.8,-282.15,0.0,1.0]}}]},{"I":26,"DU":1,"E":[{"SI":{"SN":"Parts/RightHead","IN":"","ST":"G","FF":2,"LP":"SF","TRP":{"x":33.95,"y":176.05},"M3D":[0.9461669921875,-0.32342529296875,0.0,0.0,0.32342529296875,0.9461669921875,0.0,0.0,0.0,0.0,1.0,0.0,-46.8,-282.15,0.0,1.0]}}]},{"I":27,"DU":1,"E":[{"SI":{"SN":"Parts/RightHead","IN":"","ST":"G","FF":2,"LP":"SF","TRP":{"x":33.95,"y":176.05},"M3D":[0.9461669921875,-0.32342529296875,0.0,0.0,0.32342529296875,0.9461669921875,0.0,0.0,0.0,0.0,1.0,0.0,-46.8,-282.15,0.0,1.0]}}]}]},{"LN":"Layer_5","FR":[{"I":0,"DU":2,"E":[{"SI":{"SN":"Parts/RightMicHand","IN":"","ST":"MC","TRP":{"x":34.65,"y":73.55},"M3D":[0.97900390625,-0.20367431640625,0.0,0.0,0.20367431640625,0.97900390625,0.0,0.0,0.0,0.0,1.0,0.0,151.9,-149.1,0.0,1.0]}}]},{"I":2,"DU":2,"E":[{"SI":{"SN":"Parts/RightMicHand","IN":"","ST":"MC","TRP":{"x":34.7,"y":73.60000000000001},"M3D":[0.9972991943359375,0.0728607177734375,0.0,0.0,-0.0728607177734375,0.9972991943359375,0.0,0.0,0.0,0.0,1.0,0.0,210.85,-166.4,0.0,1.0]}}]},{"I":4,"DU":2,"E":[{"SI":{"SN":"Parts/RightMicHand","IN":"","ST":"MC","TRP":{"x":34.75,"y":73.65},"M3D":[0.98577880859375,0.16766357421875,0.0,0.0,-0.16766357421875,0.98577880859375,0.0,0.0,0.0,0.0,1.0,0.0,213.45,-162.85,0.0,1.0]}}]},{"I":6,"DU":2,"E":[{"SI":{"SN":"Parts/RightMicHand","IN":"","ST":"MC","TRP":{"x":34.75,"y":73.7},"M3D":[0.99542236328125,0.09503173828125,0.0,0.0,-0.09503173828125,0.99542236328125,0.0,0.0,0.0,0.0,1.0,0.0,187.85,-156.8,0.0,1.0]}}]},{"I":8,"DU":20,"E":[{"SI":{"SN":"Parts/RightMicHand","IN":"","ST":"MC","TRP":{"x":34.800000000000007,"y":73.65},"M3D":[0.99969482421875,0.02166748046875,0.0,0.0,-0.02166748046875,0.99969482421875,0.0,0.0,0.0,0.0,1.0,0.0,163.5,-152.75,0.0,1.0]}}]}]},{"LN":"Layer_3","FR":[{"I":0,"DU":2,"E":[{"SI":{"SN":"Parts/RightBody","IN":"","ST":"MC","TRP":{"x":90.7,"y":145.25},"M3D":[1.0,0.0,0.0,0.0,-0.153594970703125,1.03997802734375,0.0,0.0,0.0,0.0,1.0,0.0,-55.3,-150.0,0.0,1.0]}}]},{"I":2,"DU":2,"E":[{"SI":{"SN":"Parts/RightBody","IN":"","ST":"MC","TRP":{"x":90.7,"y":145.25},"M3D":[1.0,0.0,0.0,0.0,-0.134033203125,0.975555419921875,0.0,0.0,0.0,0.0,1.0,0.0,-58.15,-140.6,0.0,1.0]}}]},{"I":4,"DU":2,"E":[{"SI":{"SN":"Parts/RightBody","IN":"","ST":"MC","TRP":{"x":90.80000000000001,"y":145.35},"M3D":[1.0,0.0,0.0,0.0,-0.04449462890625,0.9514007568359375,0.0,0.0,0.0,0.0,1.0,0.0,-71.2,-137.1,0.0,1.0]}}]},{"I":6,"DU":2,"E":[{"SI":{"SN":"Parts/RightBody","IN":"","ST":"MC","TRP":{"x":90.85000000000001,"y":145.35},"M3D":[1.0,0.0,0.0,0.0,0.040130615234375,0.9514007568359375,0.0,0.0,0.0,0.0,1.0,0.0,-83.5,-137.1,0.0,1.0]}}]},{"I":8,"DU":20,"E":[{"SI":{"SN":"Parts/RightBody","IN":"","ST":"MC","TRP":{"x":90.95,"y":145.4},"M3D":[1.0,0.0,0.0,0.0,0.0761260986328125,0.9994964599609375,0.0,0.0,0.0,0.0,1.0,0.0,-88.7,-144.1,0.0,1.0]}}]}]}]}},{"SN":"Parts/Right Hand","TL":{"L":[{"LN":"Layer_2","FR":[{"I":0,"DU":1,"E":[{"ASI":{"N":"0028","M3D":[1.0,0.0,0.0,0.0,0.0,1.0,0.0,0.0,0.0,0.0,1.0,0.0,-2.0,-1.0,0.0,1.0]}}]}]}]}},{"SN":"Parts/RightHead","TL":{"L":[{"LN":"Layer_9","FR":[{"I":0,"DU":3,"E":[{"ASI":{"N":"0031","M3D":[1.0,0.0,0.0,0.0,0.0,1.0,0.0,0.0,0.0,0.0,1.0,0.0,126.0,64.0,0.0,1.0]}}]}]},{"LN":"Layer_6","FR":[{"I":0,"DU":3,"E":[{"ASI":{"N":"0032","M3D":[1.0,0.0,0.0,0.0,0.0,1.0,0.0,0.0,0.0,0.0,1.0,0.0,-11.0,-4.0,0.0,1.0]}}]}]},{"LN":"Layer_5","FR":[{"I":0,"DU":1,"E":[{"ASI":{"N":"0033","M3D":[1.0,0.0,0.0,0.0,0.0,1.0,0.0,0.0,0.0,0.0,1.0,0.0,54.0,148.0,0.0,1.0]}}]},{"I":1,"DU":1,"E":[{"ASI":{"N":"0034","M3D":[1.0,0.0,0.0,0.0,0.0,1.0,0.0,0.0,0.0,0.0,1.0,0.0,69.0,152.0,0.0,1.0]}}]},{"I":2,"DU":1,"E":[]}]},{"LN":"MergedLayer_1","FR":[{"I":0,"DU":3,"E":[{"ASI":{"N":"0035","M3D":[1.0,0.0,0.0,0.0,0.0,1.0,0.0,0.0,0.0,0.0,1.0,0.0,91.0,130.0,0.0,1.0]}}]}]},{"LN":"Layer_3","FR":[{"I":0,"DU":1,"E":[{"ASI":{"N":"0036","M3D":[1.0,0.0,0.0,0.0,0.0,1.0,0.0,0.0,0.0,0.0,1.0,0.0,12.0,79.0,0.0,1.0]}}]},{"I":1,"DU":1,"E":[{"ASI":{"N":"0037","M3D":[1.0,0.0,0.0,0.0,0.0,1.0,0.0,0.0,0.0,0.0,1.0,0.0,12.0,79.0,0.0,1.0]}}]},{"I":2,"DU":1,"E":[{"ASI":{"N":"0038","M3D":[1.0,0.0,0.0,0.0,0.0,1.0,0.0,0.0,0.0,0.0,1.0,0.0,12.0,79.0,0.0,1.0]}}]}]}]}},{"SN":"Parts/RightMicHand","TL":{"L":[{"LN":"Layer_5","FR":[{"I":0,"DU":1,"E":[{"ASI":{"N":"0029","M3D":[1.0,0.0,0.0,0.0,0.0,1.0,0.0,0.0,0.0,0.0,1.0,0.0,9.0,-4.0,0.0,1.0]}}]}]}]}},{"SN":"Parts/RightBody","TL":{"L":[{"LN":"Layer_2","FR":[{"I":0,"DU":1,"E":[{"ASI":{"N":"0030","M3D":[0.9512176513671875,0.0,0.0,0.0,0.0,0.9512176513671875,0.0,0.0,0.0,0.0,1.0,0.0,0.0,0.0,0.0,1.0]}}]}]}]}},{"SN":"Animations/Bamber Sing Left","TL":{"L":[{"LN":"Layer_3","FR":[{"I":0,"DU":2,"E":[{"SI":{"SN":"Parts/UpMicHand","IN":"","ST":"MC","TRP":{"x":144.0,"y":54.15},"M3D":[0.9994964599609375,0.0301513671875,0.0,0.0,-0.0301513671875,0.9994964599609375,0.0,0.0,0.0,0.0,1.0,0.0,-34.75,-184.8,0.0,1.0]}}]},{"I":2,"DU":2,"E":[{"SI":{"SN":"Parts/UpMicHand","IN":"","ST":"MC","TRP":{"x":144.05,"y":54.2},"M3D":[0.9896087646484375,-0.143310546875,0.0,0.0,0.143310546875,0.9896087646484375,0.0,0.0,0.0,0.0,1.0,0.0,-39.15,-156.25,0.0,1.0]}}]},{"I":4,"DU":2,"E":[{"SI":{"SN":"Parts/UpMicHand","IN":"","ST":"MC","TRP":{"x":144.15,"y":54.25},"M3D":[0.9683837890625,-0.2491455078125,0.0,0.0,0.2491455078125,0.9683837890625,0.0,0.0,0.0,0.0,1.0,0.0,-26.25,-136.85,0.0,1.0]}}]},{"I":6,"DU":2,"E":[{"SI":{"SN":"Parts/UpMicHand","IN":"","ST":"MC","TRP":{"x":144.05,"y":54.25},"M3D":[0.993927001953125,-0.10943603515625,0.0,0.0,0.10943603515625,0.993927001953125,0.0,0.0,0.0,0.0,1.0,0.0,-7.9,-162.55,0.0,1.0]}}]},{"I":8,"DU":20,"E":[{"SI":{"SN":"Parts/UpMicHand","IN":"","ST":"MC","TRP":{"x":144.1,"y":54.300000000000007},"M3D":[0.998291015625,-0.0572052001953125,0.0,0.0,0.0572052001953125,0.998291015625,0.0,0.0,0.0,0.0,1.0,0.0,2.7,-170.9,0.0,1.0]}}]}]},{"LN":"Layer_6","FR":[{"I":0,"DU":2,"E":[{"SI":{"SN":"Parts/LeftHand","IN":"","ST":"MC","TRP":{"x":64.4,"y":33.5},"M3D":[0.948516845703125,-0.31671142578125,0.0,0.0,0.31671142578125,0.948516845703125,0.0,0.0,0.0,0.0,1.0,0.0,-290.55,-85.65,0.0,1.0]}}]},{"I":2,"DU":2,"E":[{"SI":{"SN":"Parts/LeftHand","IN":"","ST":"MC","TRP":{"x":109.65,"y":30.8},"M3D":[0.9211273193359375,-0.38922119140625,0.0,0.0,0.38922119140625,0.9211273193359375,0.0,0.0,0.0,0.0,1.0,0.0,-293.3,-70.85,0.0,1.0]}}]},{"I":4,"DU":2,"E":[{"SI":{"SN":"Parts/LeftHand","IN":"","ST":"MC","TRP":{"x":109.65,"y":30.8},"M3D":[0.94873046875,-0.3159637451171875,0.0,0.0,0.3159637451171875,0.94873046875,0.0,0.0,0.0,0.0,1.0,0.0,-280.25,-79.1,0.0,1.0]}}]},{"I":6,"DU":2,"E":[{"SI":{"SN":"Parts/LeftHand","IN":"","ST":"MC","TRP":{"x":109.60000000000001,"y":30.8},"M3D":[0.993682861328125,-0.11187744140625,0.0,0.0,0.11187744140625,0.993682861328125,0.0,0.0,0.0,0.0,1.0,0.0,-242.1,-115.05,0.0,1.0]}}]},{"I":8,"DU":20,"E":[{"SI":{"SN":"Parts/LeftHand","IN":"","ST":"MC","TRP":{"x":109.55,"y":30.900000000000003},"M3D":[0.998626708984375,-0.0515594482421875,0.0,0.0,0.0515594482421875,0.998626708984375,0.0,0.0,0.0,0.0,1.0,0.0,-235.9,-122.45,0.0,1.0]}}]}]},{"LN":"Layer_2","FR":[{"I":0,"DU":1,"E":[{"SI":{"SN":"Parts/LeftHead","IN":"","ST":"G","FF":0,"LP":"SF","TRP":{"x":129.3,"y":187.4},"M3D":[0.9984130859375,-0.0560302734375,0.0,0.0,0.0560302734375,0.9984130859375,0.0,0.0,0.0,0.0,1.0,0.0,-194.05,-292.65,0.0,1.0]}}]},{"I":1,"DU":1,"E":[{"SI":{"SN":"Parts/LeftHead","IN":"","ST":"G","FF":0,"LP":"SF","TRP":{"x":129.3,"y":187.4},"M3D":[0.9984130859375,-0.0560302734375,0.0,0.0,0.0560302734375,0.9984130859375,0.0,0.0,0.0,0.0,1.0,0.0,-194.05,-292.65,0.0,1.0]}}]},{"I":2,"DU":1,"E":[{"SI":{"SN":"Parts/LeftHead","IN":"","ST":"G","FF":1,"LP":"SF","TRP":{"x":129.35,"y":187.4},"M3D":[0.9962615966796875,-0.0861968994140625,0.0,0.0,0.0861968994140625,0.9962615966796875,0.0,0.0,0.0,0.0,1.0,0.0,-196.75,-282.65,0.0,1.0]}}]},{"I":3,"DU":1,"E":[{"SI":{"SN":"Parts/LeftHead","IN":"","ST":"G","FF":1,"LP":"SF","TRP":{"x":129.35,"y":187.4},"M3D":[0.9962615966796875,-0.0861968994140625,0.0,0.0,0.0861968994140625,0.9962615966796875,0.0,0.0,0.0,0.0,1.0,0.0,-196.75,-282.65,0.0,1.0]}}]},{"I":4,"DU":1,"E":[{"SI":{"SN":"Parts/LeftHead","IN":"","ST":"G","FF":1,"LP":"SF","TRP":{"x":129.4,"y":187.45000000000003},"M3D":[0.99920654296875,-0.0387725830078125,0.0,0.0,0.0387725830078125,0.99920654296875,0.0,0.0,0.0,0.0,1.0,0.0,-185.25,-289.95,0.0,1.0]}}]},{"I":5,"DU":1,"E":[{"SI":{"SN":"Parts/LeftHead","IN":"","ST":"G","FF":1,"LP":"SF","TRP":{"x":129.4,"y":187.45},"M3D":[0.99920654296875,-0.0387725830078125,0.0,0.0,0.0387725830078125,0.99920654296875,0.0,0.0,0.0,0.0,1.0,0.0,-185.25,-289.95,0.0,1.0]}}]},{"I":6,"DU":1,"E":[{"SI":{"SN":"Parts/LeftHead","IN":"","ST":"G","FF":1,"LP":"SF","TRP":{"x":129.4,"y":187.4},"M3D":[0.9980926513671875,0.06109619140625,0.0,0.0,-0.06109619140625,0.9980926513671875,0.0,0.0,0.0,0.0,1.0,0.0,-142.4,-305.6,0.0,1.0]}}]},{"I":7,"DU":1,"E":[{"SI":{"SN":"Parts/LeftHead","IN":"","ST":"G","FF":1,"LP":"SF","TRP":{"x":129.4,"y":187.4},"M3D":[0.9980926513671875,0.06109619140625,0.0,0.0,-0.06109619140625,0.9980926513671875,0.0,0.0,0.0,0.0,1.0,0.0,-142.4,-305.6,0.0,1.0]}}]},{"I":8,"DU":1,"E":[{"SI":{"SN":"Parts/LeftHead","IN":"","ST":"G","FF":2,"LP":"SF","TRP":{"x":129.45,"y":187.35},"M3D":[0.994476318359375,0.10443115234375,0.0,0.0,-0.10443115234375,0.994476318359375,0.0,0.0,0.0,0.0,1.0,0.0,-129.05,-309.9,0.0,1.0]}}]},{"I":9,"DU":1,"E":[{"SI":{"SN":"Parts/LeftHead","IN":"","ST":"G","FF":2,"LP":"SF","TRP":{"x":129.45,"y":187.35},"M3D":[0.994476318359375,0.10443115234375,0.0,0.0,-0.10443115234375,0.994476318359375,0.0,0.0,0.0,0.0,1.0,0.0,-129.05,-309.9,0.0,1.0]}}]},{"I":10,"DU":1,"E":[{"SI":{"SN":"Parts/LeftHead","IN":"","ST":"G","FF":2,"LP":"SF","TRP":{"x":129.45,"y":187.35},"M3D":[0.994476318359375,0.10443115234375,0.0,0.0,-0.10443115234375,0.994476318359375,0.0,0.0,0.0,0.0,1.0,0.0,-129.05,-309.9,0.0,1.0]}}]},{"I":11,"DU":1,"E":[{"SI":{"SN":"Parts/LeftHead","IN":"","ST":"G","FF":2,"LP":"SF","TRP":{"x":129.45,"y":187.35},"M3D":[0.994476318359375,0.10443115234375,0.0,0.0,-0.10443115234375,0.994476318359375,0.0,0.0,0.0,0.0,1.0,0.0,-129.05,-309.9,0.0,1.0]}}]},{"I":12,"DU":1,"E":[{"SI":{"SN":"Parts/LeftHead","IN":"","ST":"G","FF":2,"LP":"SF","TRP":{"x":129.45,"y":187.35},"M3D":[0.994476318359375,0.10443115234375,0.0,0.0,-0.10443115234375,0.994476318359375,0.0,0.0,0.0,0.0,1.0,0.0,-129.05,-309.9,0.0,1.0]}}]},{"I":13,"DU":1,"E":[{"SI":{"SN":"Parts/LeftHead","IN":"","ST":"G","FF":2,"LP":"SF","TRP":{"x":129.45,"y":187.35},"M3D":[0.994476318359375,0.10443115234375,0.0,0.0,-0.10443115234375,0.994476318359375,0.0,0.0,0.0,0.0,1.0,0.0,-129.05,-309.9,0.0,1.0]}}]},{"I":14,"DU":1,"E":[{"SI":{"SN":"Parts/LeftHead","IN":"","ST":"G","FF":2,"LP":"SF","TRP":{"x":129.45,"y":187.35},"M3D":[0.994476318359375,0.10443115234375,0.0,0.0,-0.10443115234375,0.994476318359375,0.0,0.0,0.0,0.0,1.0,0.0,-129.05,-309.9,0.0,1.0]}}]},{"I":15,"DU":1,"E":[{"SI":{"SN":"Parts/LeftHead","IN":"","ST":"G","FF":2,"LP":"SF","TRP":{"x":129.45,"y":187.35},"M3D":[0.994476318359375,0.10443115234375,0.0,0.0,-0.10443115234375,0.994476318359375,0.0,0.0,0.0,0.0,1.0,0.0,-129.05,-309.9,0.0,1.0]}}]},{"I":16,"DU":1,"E":[{"SI":{"SN":"Parts/LeftHead","IN":"","ST":"G","FF":2,"LP":"SF","TRP":{"x":129.45,"y":187.35},"M3D":[0.994476318359375,0.10443115234375,0.0,0.0,-0.10443115234375,0.994476318359375,0.0,0.0,0.0,0.0,1.0,0.0,-129.05,-309.9,0.0,1.0]}}]},{"I":17,"DU":1,"E":[{"SI":{"SN":"Parts/LeftHead","IN":"","ST":"G","FF":2,"LP":"SF","TRP":{"x":129.45,"y":187.35},"M3D":[0.994476318359375,0.10443115234375,0.0,0.0,-0.10443115234375,0.994476318359375,0.0,0.0,0.0,0.0,1.0,0.0,-129.05,-309.9,0.0,1.0]}}]},{"I":18,"DU":1,"E":[{"SI":{"SN":"Parts/LeftHead","IN":"","ST":"G","FF":2,"LP":"SF","TRP":{"x":129.45,"y":187.35},"M3D":[0.994476318359375,0.10443115234375,0.0,0.0,-0.10443115234375,0.994476318359375,0.0,0.0,0.0,0.0,1.0,0.0,-129.05,-309.9,0.0,1.0]}}]},{"I":19,"DU":1,"E":[{"SI":{"SN":"Parts/LeftHead","IN":"","ST":"G","FF":2,"LP":"SF","TRP":{"x":129.45,"y":187.35},"M3D":[0.994476318359375,0.10443115234375,0.0,0.0,-0.10443115234375,0.994476318359375,0.0,0.0,0.0,0.0,1.0,0.0,-129.05,-309.9,0.0,1.0]}}]},{"I":20,"DU":1,"E":[{"SI":{"SN":"Parts/LeftHead","IN":"","ST":"G","FF":2,"LP":"SF","TRP":{"x":129.45,"y":187.35},"M3D":[0.994476318359375,0.10443115234375,0.0,0.0,-0.10443115234375,0.994476318359375,0.0,0.0,0.0,0.0,1.0,0.0,-129.05,-309.9,0.0,1.0]}}]},{"I":21,"DU":1,"E":[{"SI":{"SN":"Parts/LeftHead","IN":"","ST":"G","FF":2,"LP":"SF","TRP":{"x":129.45,"y":187.35},"M3D":[0.994476318359375,0.10443115234375,0.0,0.0,-0.10443115234375,0.994476318359375,0.0,0.0,0.0,0.0,1.0,0.0,-129.05,-309.9,0.0,1.0]}}]},{"I":22,"DU":1,"E":[{"SI":{"SN":"Parts/LeftHead","IN":"","ST":"G","FF":2,"LP":"SF","TRP":{"x":129.45,"y":187.35},"M3D":[0.994476318359375,0.10443115234375,0.0,0.0,-0.10443115234375,0.994476318359375,0.0,0.0,0.0,0.0,1.0,0.0,-129.05,-309.9,0.0,1.0]}}]},{"I":23,"DU":1,"E":[{"SI":{"SN":"Parts/LeftHead","IN":"","ST":"G","FF":2,"LP":"SF","TRP":{"x":129.45,"y":187.35},"M3D":[0.994476318359375,0.10443115234375,0.0,0.0,-0.10443115234375,0.994476318359375,0.0,0.0,0.0,0.0,1.0,0.0,-129.05,-309.9,0.0,1.0]}}]},{"I":24,"DU":1,"E":[{"SI":{"SN":"Parts/LeftHead","IN":"","ST":"G","FF":2,"LP":"SF","TRP":{"x":129.45,"y":187.35},"M3D":[0.994476318359375,0.10443115234375,0.0,0.0,-0.10443115234375,0.994476318359375,0.0,0.0,0.0,0.0,1.0,0.0,-129.05,-309.9,0.0,1.0]}}]},{"I":25,"DU":1,"E":[{"SI":{"SN":"Parts/LeftHead","IN":"","ST":"G","FF":2,"LP":"SF","TRP":{"x":129.45,"y":187.35},"M3D":[0.994476318359375,0.10443115234375,0.0,0.0,-0.10443115234375,0.994476318359375,0.0,0.0,0.0,0.0,1.0,0.0,-129.05,-309.9,0.0,1.0]}}]},{"I":26,"DU":1,"E":[{"SI":{"SN":"Parts/LeftHead","IN":"","ST":"G","FF":2,"LP":"SF","TRP":{"x":129.45,"y":187.35},"M3D":[0.994476318359375,0.10443115234375,0.0,0.0,-0.10443115234375,0.994476318359375,0.0,0.0,0.0,0.0,1.0,0.0,-129.05,-309.9,0.0,1.0]}}]},{"I":27,"DU":1,"E":[{"SI":{"SN":"Parts/LeftHead","IN":"","ST":"G","FF":2,"LP":"SF","TRP":{"x":129.45,"y":187.35},"M3D":[0.994476318359375,0.10443115234375,0.0,0.0,-0.10443115234375,0.994476318359375,0.0,0.0,0.0,0.0,1.0,0.0,-129.05,-309.9,0.0,1.0]}}]}]},{"LN":"Layer_5","FR":[{"I":0,"DU":2,"E":[{"SI":{"SN":"Parts/LeftBody","IN":"","ST":"MC","TRP":{"x":91.5,"y":126.2},"M3D":[1.0,0.0,0.0,0.0,0.2742919921875,1.03643798828125,0.0,0.0,0.0,0.0,1.0,0.0,-150.9,-130.15,0.0,1.0]}}]},{"I":2,"DU":2,"E":[{"SI":{"SN":"Parts/LeftBody","IN":"","ST":"MC","TRP":{"x":91.5,"y":126.2},"M3D":[1.0,0.0,0.0,0.0,0.2353515625,0.977020263671875,0.0,0.0,0.0,0.0,1.0,0.0,-145.95,-122.6,0.0,1.0]}}]},{"I":4,"DU":2,"E":[{"SI":{"SN":"Parts/LeftBody","IN":"","ST":"MC","TRP":{"x":91.5,"y":126.2},"M3D":[1.0,0.0,0.0,0.0,0.1854248046875,0.977020263671875,0.0,0.0,0.0,0.0,1.0,0.0,-139.6,-122.6,0.0,1.0]}}]},{"I":6,"DU":2,"E":[{"SI":{"SN":"Parts/LeftBody","IN":"","ST":"MC","TRP":{"x":91.55,"y":126.4},"M3D":[1.0,0.0,0.0,0.0,0.0313873291015625,1.0020599365234376,0.0,0.0,0.0,0.0,1.0,0.0,-120.15,-125.7,0.0,1.0]}}]},{"I":8,"DU":20,"E":[{"SI":{"SN":"Parts/LeftBody","IN":"","ST":"MC","TRP":{"x":91.55,"y":126.35000000000001},"M3D":[1.0,0.0,0.0,0.0,-0.0251617431640625,1.0280914306640626,0.0,0.0,0.0,0.0,1.0,0.0,-112.95,-129.0,0.0,1.0]}}]}]}]}},{"SN":"Parts/LeftHand","TL":{"L":[{"LN":"Layer_2","FR":[{"I":0,"DU":1,"E":[{"ASI":{"N":"0039","M3D":[0.9999847412109375,0.0,0.0,0.0,0.0,0.9999847412109375,0.0,0.0,0.0,0.0,1.0,0.0,0.0,0.0,0.0,1.0]}}]}]}]}},{"SN":"Parts/LeftHead","TL":{"L":[{"LN":"Layer_5","FR":[{"I":0,"DU":3,"E":[{"ASI":{"N":"0041","M3D":[0.9999847412109375,0.0,0.0,0.0,0.0,0.9999847412109375,0.0,0.0,0.0,0.0,1.0,0.0,41.95,38.95,0.0,1.0]}}]}]},{"LN":"Layer_6","FR":[{"I":0,"DU":3,"E":[{"ASI":{"N":"0042","M3D":[0.9999847412109375,0.0,0.0,0.0,0.0,0.9999847412109375,0.0,0.0,0.0,0.0,1.0,0.0,1.95,-5.95,0.0,1.0]}}]}]},{"LN":"Layer_4","FR":[{"I":0,"DU":1,"E":[{"ASI":{"N":"0043","M3D":[0.9999847412109375,0.0,0.0,0.0,0.0,0.9999847412109375,0.0,0.0,0.0,0.0,1.0,0.0,72.95,160.95,0.0,1.0]}}]},{"I":1,"DU":1,"E":[{"ASI":{"N":"0044","M3D":[0.9999847412109375,0.0,0.0,0.0,0.0,0.9999847412109375,0.0,0.0,0.0,0.0,1.0,0.0,76.95,162.95,0.0,1.0]}}]},{"I":2,"DU":1,"E":[{"ASI":{"N":"0045","M3D":[0.9999847412109375,0.0,0.0,0.0,0.0,0.9999847412109375,0.0,0.0,0.0,0.0,1.0,0.0,91.95,166.95,0.0,1.0]}}]}]},{"LN":"Layer_2","FR":[{"I":0,"DU":3,"E":[{"ASI":{"N":"0046","M3D":[0.9999847412109375,0.0,0.0,0.0,0.0,0.9999847412109375,0.0,0.0,0.0,0.0,1.0,0.0,31.95,51.95,0.0,1.0]}}]}]}]}},{"SN":"Parts/LeftBody","TL":{"L":[{"LN":"Layer_2","FR":[{"I":0,"DU":1,"E":[{"ASI":{"N":"0040","M3D":[0.9327239990234375,0.0,0.0,0.0,0.0,0.9327239990234375,0.0,0.0,0.0,0.0,1.0,0.0,0.0,0.0,0.0,1.0]}}]}]}]}},{"SN":"Animations/Bamber Sing Down","TL":{"L":[{"LN":"Layer_6","FR":[{"I":0,"DU":2,"E":[{"SI":{"SN":"Parts/DownMicHand","IN":"","ST":"MC","TRP":{"x":106.80000000000001,"y":4.05},"M3D":[0.99249267578125,0.122039794921875,0.0,0.0,-0.122039794921875,0.99249267578125,0.0,0.0,0.0,0.0,1.0,0.0,62.35,-54.3,0.0,1.0]}}]},{"I":2,"DU":2,"E":[{"SI":{"SN":"Parts/DownMicHand","IN":"","ST":"MC","TRP":{"x":106.80000000000001,"y":4.05},"M3D":[0.99853515625,0.0532989501953125,0.0,0.0,-0.0532989501953125,0.99853515625,0.0,0.0,0.0,0.0,1.0,0.0,57.45,-52.5,0.0,1.0]}}]},{"I":4,"DU":2,"E":[{"SI":{"SN":"Parts/DownMicHand","IN":"","ST":"MC","TRP":{"x":106.80000000000001,"y":4.1000000000000009},"M3D":[0.96905517578125,0.24664306640625,0.0,0.0,-0.24664306640625,0.96905517578125,0.0,0.0,0.0,0.0,1.0,0.0,59.4,-82.5,0.0,1.0]}}]},{"I":6,"DU":22,"E":[{"SI":{"SN":"Parts/DownMicHand","IN":"","ST":"MC","TRP":{"x":106.85000000000001,"y":4.1000000000000009},"M3D":[0.93048095703125,0.366180419921875,0.0,0.0,-0.366180419921875,0.93048095703125,0.0,0.0,0.0,0.0,1.0,0.0,66.5,-101.6,0.0,1.0]}}]}]},{"LN":"Layer_3","FR":[{"I":0,"DU":2,"E":[{"SI":{"SN":"Parts/DownHand","IN":"","ST":"MC","TRP":{"x":31.8,"y":22.85},"M3D":[0.99993896484375,0.0076446533203125,0.0,0.0,-0.0076446533203125,0.99993896484375,0.0,0.0,0.0,0.0,1.0,0.0,-97.05,-74.15,0.0,1.0]}}]},{"I":2,"DU":2,"E":[{"SI":{"SN":"Parts/DownHand","IN":"","ST":"MC","TRP":{"x":31.85,"y":22.85},"M3D":[0.994232177734375,0.1070556640625,0.0,0.0,-0.1070556640625,0.994232177734375,0.0,0.0,0.0,0.0,1.0,0.0,-101.1,-81.65,0.0,1.0]}}]},{"I":4,"DU":2,"E":[{"SI":{"SN":"Parts/DownHand","IN":"","ST":"MC","TRP":{"x":31.85,"y":22.900000000000003},"M3D":[0.999969482421875,0.002838134765625,0.0,0.0,-0.002838134765625,0.999969482421875,0.0,0.0,0.0,0.0,1.0,0.0,-114.15,-97.45,0.0,1.0]}}]},{"I":6,"DU":22,"E":[{"SI":{"SN":"Parts/DownHand","IN":"","ST":"MC","TRP":{"x":31.900000000000003,"y":23.0},"M3D":[0.9977264404296875,-0.0667724609375,0.0,0.0,0.0667724609375,0.9977264404296875,0.0,0.0,0.0,0.0,1.0,0.0,-121.7,-100.7,0.0,1.0]}}]}]},{"LN":"Layer_2","FR":[{"I":0,"DU":1,"E":[{"SI":{"SN":"Parts/DownHead","IN":"","ST":"G","FF":0,"LP":"SF","TRP":{"x":79.95,"y":170.15},"M3D":[0.992584228515625,0.12152099609375,0.0,0.0,-0.12152099609375,0.992584228515625,0.0,0.0,0.0,0.0,1.0,0.0,-55.15,-241.1,0.0,1.0]}}]},{"I":1,"DU":1,"E":[{"SI":{"SN":"Parts/DownHead","IN":"","ST":"G","FF":0,"LP":"SF","TRP":{"x":79.95,"y":170.15},"M3D":[0.992584228515625,0.121520996